0.000405026
0.000405021
0.000405015
0.000405006
0.000404996
0.000404983
0.000404968
0.000404952
0.000404933
0.000404913
0.000404891
0.000404866
0.00040484
0.000404812
0.000404782
0.00040475
0.000404717
0.000404682
0.000404644
0.000404606
0.000404565
0.000404523
0.000404479
0.000404434
0.000404386
0.000404338
0.000404287
0.000404236
0.000404183
0.000404128
0.000404072
0.000404014
0.000403956
0.000403896
0.000403834
0.000403771
0.000403707
0.000403642
0.000403576
0.000403509
0.00040344
0.00040337
0.0004033
0.000403228
0.000403156
0.000403082
0.000403008
0.000402932
0.000402856
0.000402779
0.000402702
0.000402623
0.000402544
0.000402464
0.000402384
0.000402303
0.000402221
0.000402139
0.000402056
0.000401973
0.00040189
0.000401806
0.000401721
0.000401637
0.000401552
0.000401467
0.000401381
0.000401296
0.00040121
0.000401124
0.000401039
0.000400953
0.000400867
0.000400781
0.000400695
0.000400609
0.000400523
0.000400438
0.000400352
0.000400267
0.000400182
0.000400098
0.000400014
0.00039993
0.000399846
0.000399763
0.00039968
0.000399598
0.000399517
0.000399436
0.000399355
0.000399275
0.000399196
0.000399118
0.00039904
0.000398963
0.000398887
0.000398811
0.000398737
0.000398663
0.00039859
0.000398518
0.000398448
0.000398378
0.000398309
0.000398241
0.000398174
0.000398109
0.000398044
0.000397981
0.000397919
0.000397858
0.000397798
0.000397739
0.000397682
0.000397626
0.000397572
0.000397519
0.000397467
0.000397416
0.000397367
0.00039732
0.000397274
0.000397229
0.000397186
0.000397144
0.000397104
0.000397065
0.000397028
0.000396992
0.000396958
0.000396925
0.000396894
0.000396865
0.000396837
0.000396811
0.000396786
0.000396763
0.000396742
0.000396722
0.000396704
0.000396687
0.000396672
0.000396659
0.000396647
0.000396637
0.000396629
0.000396622
0.000396617
0.000396613
0.000396611
0.000396611
0.000396612
0.000396615
0.000396619
0.000396625
0.000396633
0.000396642
0.000396653
0.000396665
0.000396678
0.000396694
0.00039671
0.000396729
0.000396748
0.00039677
0.000396792
0.000396816
0.000396842
0.000396869
0.000396897
0.000396927
0.000396958
0.000396991
0.000397025
0.00039706
0.000397096
0.000397134
0.000397173
0.000397213
0.000397255
0.000397298
0.000397342
0.000397387
0.000397433
0.00039748
0.000397529
0.000397578
0.000397629
0.00039768
0.000397733
0.000397787
0.000397841
0.000397897
0.000397953
0.000398011
0.000398069
0.000398128
0.000398188
0.000398249
0.000397355
0.000395325
0.000393211
0.000391419
0.000389901
0.000388256
0.000386755
0.000385255
0.000383828
0.000382422
0.000381063
0.000379712
0.000378375
0.000377048
0.000375729
0.000374399
0.000373072
0.000371741
0.000370404
0.000369057
0.000367702
0.000366334
0.000364957
0.000363567
0.000362167
0.000360761
0.000359353
0.000357939
0.000356521
0.000355097
0.000353677
0.000352263
0.000350857
0.000349457
0.000348064
0.000346673
0.000345287
0.000343904
0.000342524
0.000341147
0.000339773
0.0003384
0.00033703
0.000335663
0.000334297
0.000332934
0.000331573
0.000330232
0.000328891
0.00032754
0.000326197
0.000324873
0.000323555
0.000322242
0.000320939
0.00031964
0.000318347
0.000317058
0.000315775
0.000314496
0.000313223
0.000311957
0.000310698
0.000309448
0.000308209
0.000306978
0.000305759
0.000304548
0.000303349
0.000302159
0.00030098
0.000299812
0.000298656
0.000297511
0.00029638
0.000295262
0.000294161
0.000293082
0.00029202
0.000290971
0.000289937
0.000288918
0.000287916
0.000286928
0.000285956
0.000284998
0.000284056
0.000283131
0.000282224
0.00028133
0.00028045
0.000279582
0.000278728
0.000277887
0.000277069
0.00027627
0.000275489
0.00027472
0.000273959
0.000273213
0.000272486
0.000271772
0.000271071
0.000270391
0.000269726
0.00026907
0.00026843
0.000267798
0.000267177
0.000266568
0.000265974
0.000265395
0.000264831
0.000264279
0.000263759
0.000263261
0.000262768
0.000262286
0.000261827
0.000261391
0.000260963
0.000260542
0.000260134
0.000259737
0.000259349
0.000258971
0.000258604
0.000258252
0.000257917
0.000257602
0.000257303
0.00025701
0.000256729
0.00025646
0.000256208
0.000255969
0.000255733
0.000255505
0.000255297
0.000255107
0.000254923
0.00025475
0.000254592
0.000254444
0.00025431
0.000254193
0.000254083
0.000253981
0.000253892
0.000253808
0.000253745
0.000253704
0.000253669
0.000253643
0.00025363
0.000253625
0.000253626
0.000253636
0.000253658
0.000253691
0.000253735
0.000253788
0.000253851
0.000253923
0.000254001
0.0002541
0.000254192
0.000254296
0.000254405
0.00025452
0.000254652
0.000254786
0.000254936
0.000255087
0.000255243
0.000255406
0.000255573
0.000255742
0.000255916
0.000256094
0.000256273
0.000256454
0.000256634
0.000256816
0.000256999
0.000257185
0.000257371
0.000257569
0.000257777
0.000257986
0.000258197
0.00025841
0.000258624
0.000258839
0.000259067
0.000259289
0.000259516
0.000259741
0.000259969
0.000260213
0.00026045
0.000260706
0.000260974
0.000261237
0.000261496
0.000261768
0.000262053
0.000262336
0.000262614
0.000262888
0.000263159
0.000263425
0.000263687
0.000263942
0.000264209
0.000264481
0.000264742
0.000265012
0.00026529
0.000265565
0.000265839
0.00026613
0.000266432
0.000266731
0.000267036
0.000267346
0.000267657
0.000267968
0.000268284
0.000268601
0.000268915
0.00026923
0.000269559
0.000269914
0.00027026
0.000270626
0.000271012
0.00027142
0.000271862
0.000272301
0.000272745
0.000273196
0.000273648
0.0002741
0.000274554
0.00027501
0.00027548
0.000275996
0.000276536
0.000277059
0.000277591
0.000278172
0.00027876
0.00027933
0.0002799
0.000280474
0.000281069
0.000281693
0.00028233
0.000282974
0.000283624
0.000284266
0.000284887
0.00028554
0.000286215
0.000286858
0.000287522
0.000288239
0.000288984
0.000289723
0.000290468
0.00029122
0.00029197
0.000292716
0.000293462
0.000294214
0.000295
0.000295804
0.000296614
0.000297427
0.000298228
0.000299004
0.000299763
0.000300506
0.000301224
0.000301952
0.000302685
0.000303415
0.000304172
0.000304984
0.000305808
0.000306625
0.000307446
0.000308276
0.000309116
0.000309949
0.000310777
0.000311595
0.000312393
0.000313176
0.000313951
0.000314719
0.000315488
0.000316261
0.00031701
0.000317752
0.000318479
0.00031921
0.000319957
0.000320684
0.0003214
0.000322107
0.000322779
0.000323447
0.000324128
0.00032483
0.000325517
0.000326174
0.000326807
0.000327423
0.000328019
0.000328592
0.00032913
0.000329673
0.000330225
0.000330773
0.000331305
0.000331815
0.000332299
0.000332755
0.000333175
0.000333557
0.000333913
0.000334214
0.000334504
0.000334782
0.000334978
0.000335177
0.000335417
0.000335631
0.000335788
0.000335911
0.000335999
0.000336049
0.000336067
0.000336053
0.000335996
0.000335894
0.000335742
0.000335543
0.000335292
0.000334986
0.000334615
0.000334181
0.000333712
0.000333209
0.000332652
0.000332032
0.000331367
0.000330642
0.000329862
0.000329036
0.000328161
0.000327265
0.00032634
0.000325355
0.000324325
0.000323254
0.000322139
0.000320978
0.000319773
0.000318536
0.000317307
0.00031605
0.000314755
0.000313455
0.000312132
0.000310783
0.000309401
0.000307989
0.00030657
0.000305142
0.000303712
0.000302245
0.000300756
0.000299267
0.000297707
0.000296158
0.000294617
0.00029307
0.000291521
0.000290005
0.000288504
0.000286994
0.000285495
0.00028401
0.000282531
0.000281053
0.000279574
0.000278096
0.000276626
0.000275167
0.000273746
0.000272362
0.00027101
0.000269707
0.000268463
0.000267277
0.000266154
0.000265103
0.000264126
0.000263213
0.000262349
0.000261516
0.000260722
0.00025996
0.000259216
0.000258484
0.000257758
0.000257033
0.00025631
0.000255593
0.000254886
0.000254191
0.000253505
0.000252823
0.000252138
0.000251465
0.000250804
0.000250148
0.000249502
0.00024887
0.000248249
0.000247633
0.00024702
0.000246407
0.000245802
0.000245205
0.000244609
0.000244012
0.000243418
0.00024283
0.000242267
0.000241732
0.000241214
0.000240707
0.000240202
0.000239699
0.000239208
0.000238735
0.000238284
0.000237854
0.000237439
0.000237037
0.000236655
0.000236299
0.000235973
0.000235672
0.000235385
0.000235103
0.000234824
0.000234555
0.000234321
0.000234132
0.000233975
0.000233845
0.000233728
0.000233618
0.000233514
0.000233423
0.000233362
0.000233342
0.000233354
0.000233395
0.000233465
0.00023356
0.000233678
0.000233813
0.000233956
0.00023411
0.000234281
0.000234479
0.000234694
0.000234915
0.000235138
0.000235366
0.000235612
0.000235888
0.000236205
0.000236565
0.000236973
0.000237386
0.000237816
0.000238274
0.000238716
0.000239184
0.000239676
0.000240171
0.000240658
0.000241135
0.000241609
0.000242066
0.000242498
0.000242921
0.000243359
0.000243834
0.00024435
0.000244891
0.000245436
0.000245966
0.000246472
0.000246956
0.000247432
0.000247915
0.000248425
0.000248975
0.000249559
0.000250165
0.000250777
0.000251378
0.000251961
0.000252528
0.000253094
0.00025368
0.000254301
0.000254965
0.000255661
0.000256358
0.000257043
0.000257696
0.000258307
0.000258869
0.000259387
0.000259872
0.000260345
0.000260805
0.000261248
0.000261676
0.000262105
0.000262548
0.000263013
0.000263502
0.000264014
0.00026455
0.000265105
0.000265661
0.000266205
0.000266738
0.000267262
0.000267777
0.000268284
0.000268785
0.000269281
0.000269775
0.000270256
0.000270712
0.000271131
0.000271514
0.000271877
0.000272245
0.000272638
0.000273053
0.000273466
0.000273864
0.000274234
0.000274565
0.000274847
0.000275077
0.000275258
0.000275397
0.000275513
0.000275624
0.000275741
0.000275864
0.000275991
0.000276121
0.000276255
0.000276383
0.000276495
0.000276579
0.000276624
0.00027663
0.000276604
0.000276559
0.000276497
0.000276419
0.000276328
0.000276229
0.000276114
0.000275968
0.000275777
0.000275545
0.000275266
0.000274932
0.000274556
0.000274159
0.000273766
0.000273389
0.000273038
0.000272714
0.000272409
0.000272107
0.000271811
0.000271524
0.000271246
0.000270977
0.000270718
0.000270473
0.000270244
0.000270028
0.000269825
0.000269631
0.000269447
0.000269271
0.000269102
0.000268936
0.000268771
0.000268608
0.000268449
0.000268298
0.000268154
0.000268015
0.000267879
0.000267743
0.000267605
0.000267465
0.000267327
0.000267193
0.000267069
0.000266958
0.000266862
0.000266783
0.000266718
0.000266667
0.000266625
0.000266593
0.000266567
0.000266546
0.000266528
0.000266513
0.000266498
0.000266484
0.000266472
0.000266471
0.000266485
0.000266526
0.000266602
0.000266705
0.000266831
0.000266971
0.000267112
0.000267253
0.000267387
0.000267507
0.000267619
0.000267726
0.000267832
0.00026794
0.000268051
0.000268162
0.000268271
0.000268376
0.000268474
0.000268563
0.000268643
0.000268716
0.000268785
0.000268854
0.000268924
0.000268991
0.000269054
0.000269111
0.000269163
0.000269213
0.000269264
0.000269318
0.000269381
0.000269461
0.000269557
0.000269668
0.000269791
0.000269924
0.000270069
0.000270228
0.000270402
0.000270587
0.000270779
0.000270975
0.000271175
0.000271379
0.000271585
0.000271791
0.000271998
0.000272208
0.000272423
0.000272645
0.000272877
0.00027312
0.000273372
0.000273633
0.000273906
0.00027419
0.000274486
0.000274791
0.000275105
0.000275427
0.000275761
0.000276109
0.000276469
0.000276834
0.000277197
0.000277558
0.000277918
0.000278281
0.00027865
0.000279032
0.000279429
0.000279843
0.000280277
0.000280731
0.000281197
0.000281668
0.000282147
0.000282635
0.000283135
0.000283652
0.000284187
0.000284745
0.000285322
0.000285913
0.000286504
0.000287082
0.000287634
0.000288157
0.000288648
0.000289106
0.000289533
0.000289929
0.000290294
0.000290629
0.000290934
0.00029121
0.000291458
0.000291679
0.000291875
0.000292049
0.000292202
0.000292337
0.000292453
0.000292553
0.000292636
0.000292704
0.000292754
0.000292792
0.000292817
0.000292832
0.000292837
0.000292828
0.000292809
0.000292782
0.00029275
0.000292714
0.000292678
0.000292641
0.000292605
0.000292571
0.000292539
0.00029251
0.000292484
0.000292458
0.000292432
0.000292406
0.00029238
0.000292352
0.000292319
0.000292279
0.000292228
0.000292166
0.000292087
0.000291985
0.00029185
0.000291675
0.00029145
0.000291169
0.000290831
0.000290434
0.000289978
0.000289482
0.000288957
0.000288404
0.00028783
0.000287245
0.000286652
0.000286054
0.000285453
0.000284851
0.000284249
0.000283648
0.000283048
0.000282451
0.000281856
0.000281264
0.000280675
0.000280089
0.000279506
0.000278928
0.000278352
0.00027778
0.00027721
0.000276643
0.000276077
0.000275517
0.000274965
0.000274419
0.000273877
0.00027334
0.000272806
0.000272275
0.000271745
0.000271215
0.000270687
0.000270159
0.000269631
0.000269102
0.000268584
0.000268077
0.000267564
0.000267056
0.000266551
0.000266052
0.000265564
0.000265075
0.000264588
0.000264108
0.000263637
0.000263178
0.000262728
0.000262309
0.000261917
0.000261536
0.000261166
0.000260811
0.000260463
0.000260145
0.000259847
0.000259555
0.000259275
0.000259032
0.000258824
0.000258631
0.000258386
0.000258158
0.000257988
0.000257805
0.000257639
0.000257509
0.000257397
0.000257299
0.000257227
0.000257188
0.00025716
0.000257162
0.000257195
0.000257241
0.000257305
0.00025739
0.00025749
0.000257609
0.00025774
0.000257884
0.000258032
0.000258204
0.000258387
0.000258558
0.000258763
0.000258988
0.000259199
0.000259408
0.000259617
0.000259837
0.00026006
0.00026029
0.000260524
0.000260753
0.000260995
0.000261233
0.000261462
0.000261711
0.000261971
0.000262251
0.000262545
0.000262839
0.000263134
0.000263446
0.000263762
0.000264097
0.00026444
0.000264796
0.000265164
0.000265549
0.00026595
0.000266372
0.000266813
0.000267263
0.000267725
0.000268195
0.000268672
0.000269157
0.000269648
0.000270151
0.000270662
0.000271181
0.000271707
0.000272241
0.00027278
0.000273333
0.000273894
0.000274453
0.000275006
0.000275553
0.000276089
0.000276612
0.000277123
0.00027762
0.000278104
0.000278594
0.000279083
0.000279556
0.00028002
0.000280483
0.000280939
0.0002814
0.000281864
0.000282323
0.00028277
0.000283203
0.000283618
0.000284018
0.000284403
0.000284776
0.000285133
0.000285481
0.000285814
0.000286145
0.000286447
0.000286752
0.000287016
0.000287243
0.00028743
0.000287551
0.000287601
0.000287601
0.000287561
0.00028749
0.000287371
0.000287203
0.000287014
0.00028675
0.000286493
0.0002862
0.000285856
0.000285477
0.000285059
0.000284607
0.000284112
0.000283579
0.000283006
0.000282399
0.000281758
0.000281086
0.000280378
0.000279638
0.000278865
0.000278071
0.00027725
0.000276409
0.000275551
0.000274676
0.000273787
0.00027289
0.000271991
0.000271116
0.000270299
0.000269506
0.000268736
0.000267975
0.000267221
0.000266473
0.000265732
0.00026501
0.000264314
0.000263633
0.000262964
0.000262298
0.000261631
0.000260974
0.000260346
0.000259735
0.000259137
