0.000403454
0.000403521
0.000403586
0.00040365
0.000403711
0.000403771
0.000403829
0.000403885
0.000403939
0.000403992
0.000404042
0.000404091
0.000404138
0.000404183
0.000404225
0.000404266
0.000404304
0.000404341
0.000404375
0.000404408
0.000404438
0.000404466
0.000404492
0.000404516
0.000404537
0.000404557
0.000404574
0.00040459
0.000404602
0.000404613
0.000404622
0.000404628
0.000404632
0.000404635
0.000404635
0.000404633
0.000404628
0.000404622
0.000404613
0.000404602
0.000404589
0.000404574
0.000404557
0.000404538
0.000404517
0.000404493
0.000404468
0.000404441
0.000404412
0.00040438
0.000404347
0.000404312
0.000404275
0.000404236
0.000404196
0.000404153
0.000404109
0.000404063
0.000404015
0.000403966
0.000403915
0.000403862
0.000403808
0.000403752
0.000403694
0.000403635
0.000403575
0.000403513
0.00040345
0.000403385
0.00040332
0.000403253
0.000403184
0.000403115
0.000403044
0.000402972
0.0004029
0.000402826
0.000402751
0.000402675
0.000402599
0.000402521
0.000402443
0.000402363
0.000402284
0.000402203
0.000402122
0.00040204
0.000401958
0.000401875
0.000401792
0.000401708
0.000401624
0.000401539
0.000401455
0.000401369
0.000401284
0.000401199
0.000401113
0.000401027
0.000400942
0.000400856
0.000400771
0.000400685
0.000400601
0.000400515
0.000400431
0.000400346
0.000400262
0.000400177
0.000400094
0.000400011
0.000399929
0.000399846
0.000399765
0.000399684
0.000399604
0.000399524
0.000399445
0.000399367
0.00039929
0.000399213
0.000399138
0.000399063
0.000398989
0.000398916
0.000398844
0.000398773
0.000398704
0.000398635
0.000398568
0.000398501
0.000398436
0.000398372
0.000398309
0.000398247
0.000398188
0.000398128
0.000398071
0.000398015
0.00039796
0.000397907
0.000397855
0.000397804
0.000397756
0.000397708
0.000397662
0.000397618
0.000397575
0.000397534
0.000397494
0.000397456
0.00039742
0.000397385
0.000397352
0.00039732
0.00039729
0.000397262
0.000397236
0.000397211
0.000397188
0.000397166
0.000397147
0.000397128
0.000397112
0.000397098
0.000397085
0.000397074
0.000397065
0.000397057
0.000397051
0.000397047
0.000397044
0.000397043
0.000397044
0.000397047
0.000397051
0.000397057
0.000397065
0.000397074
0.000397086
0.000397098
0.000397113
0.000397129
0.000397146
0.000397166
0.000397187
0.000397209
0.000397233
0.000397259
0.000397286
0.000397315
0.000397345
0.000397377
0.00039741
0.000397444
0.000397481
0.000397518
0.000397557
0.000397597
0.000396478
0.000394269
0.000392616
0.000390702
0.000389242
0.000387616
0.000386174
0.000384744
0.00038334
0.000381968
0.000380608
0.000379223
0.000377847
0.000376473
0.000375091
0.000373702
0.000372317
0.000370938
0.000369565
0.000368194
0.000366825
0.000365456
0.000364085
0.000362712
0.000361336
0.000359964
0.000358593
0.00035721
0.000355819
0.000354424
0.000353036
0.000351659
0.000350291
0.000348932
0.000347584
0.000346243
0.00034491
0.000343585
0.000342266
0.000340953
0.000339646
0.000338342
0.000337043
0.000335744
0.000334448
0.000333151
0.000331856
0.00033056
0.000329264
0.000327967
0.00032667
0.000325373
0.000324076
0.000322779
0.000321484
0.000320188
0.000318897
0.000317614
0.000316342
0.000315078
0.000313838
0.000312604
0.000311379
0.000310166
0.000308965
0.000307775
0.000306595
0.000305424
0.000304263
0.000303109
0.000301963
0.000300826
0.000299708
0.000298607
0.00029751
0.000296425
0.000295352
0.000294289
0.000293239
0.000292201
0.000291175
0.000290162
0.000289162
0.000288175
0.000287202
0.000286243
0.000285299
0.00028437
0.000283459
0.000282563
0.000281684
0.000280821
0.000279974
0.000279142
0.000278326
0.000277524
0.000276736
0.00027596
0.000275205
0.000274471
0.000273753
0.000273057
0.000272384
0.000271729
0.000271089
0.000270451
0.000269826
0.000269214
0.000268613
0.00026802
0.000267436
0.000266859
0.000266289
0.000265741
0.000265207
0.000264679
0.000264164
0.000263661
0.00026317
0.00026269
0.000262221
0.000261763
0.000261317
0.000260887
0.000260471
0.00026006
0.000259657
0.000259273
0.000258904
0.00025854
0.000258194
0.000257868
0.000257553
0.000257249
0.000256967
0.000256703
0.000256447
0.000256203
0.000255972
0.000255754
0.000255548
0.000255355
0.000255188
0.000255026
0.000254877
0.000254754
0.000254653
0.000254559
0.000254468
0.000254398
0.000254326
0.000254272
0.000254227
0.00025419
0.000254161
0.00025414
0.000254127
0.000254129
0.000254144
0.000254169
0.000254204
0.000254248
0.0002543
0.00025436
0.000254426
0.000254506
0.000254599
0.000254696
0.000254813
0.000254944
0.000255075
0.000255212
0.000255356
0.000255504
0.000255655
0.00025581
0.000255972
0.000256139
0.000256329
0.000256542
0.000256757
0.000256975
0.000257198
0.000257423
0.000257658
0.000257884
0.000258113
0.000258365
0.000258608
0.00025885
0.000259102
0.000259355
0.000259606
0.00025986
0.000260118
0.000260377
0.00026064
0.000260905
0.00026117
0.000261436
0.000261702
0.000261968
0.000262232
0.000262494
0.000262753
0.000263008
0.000263257
0.000263519
0.0002638
0.000264078
0.00026435
0.000264621
0.000264891
0.00026516
0.000265428
0.000265693
0.000265956
0.000266218
0.000266473
0.00026674
0.000266999
0.000267259
0.000267537
0.000267813
0.000268097
0.000268388
0.000268674
0.000268964
0.000269256
0.000269547
0.000269849
0.000270159
0.000270477
0.000270803
0.000271125
0.000271446
0.000271781
0.000272125
0.000272497
0.000272891
0.000273277
0.000273661
0.000274048
0.000274458
0.000274893
0.000275312
0.000275757
0.000276215
0.000276659
0.000277121
0.000277644
0.000278193
0.000278748
0.000279302
0.000279859
0.000280422
0.000281009
0.00028162
0.000282246
0.000282877
0.00028349
0.00028413
0.00028477
0.000285397
0.000286022
0.000286655
0.000287301
0.000287972
0.000288656
0.000289316
0.000289988
0.000290669
0.000291355
0.000292069
0.000292803
0.000293529
0.000294269
0.000295022
0.000295774
0.000296527
0.000297287
0.000298081
0.000298883
0.000299675
0.000300449
0.000301208
0.000301946
0.000302669
0.000303376
0.000304072
0.000304752
0.000305423
0.00030611
0.000306807
0.000307487
0.000308144
0.00030886
0.000309612
0.000310346
0.0003111
0.000311852
0.000312603
0.00031334
0.000314094
0.000314854
0.000315625
0.0003164
0.000317173
0.000317944
0.000318763
0.000319594
0.000320397
0.000321201
0.00032202
0.000322825
0.000323592
0.000324326
0.000325028
0.000325697
0.00032634
0.000326957
0.000327542
0.000328098
0.000328624
0.000329166
0.000329709
0.000330209
0.000330723
0.000331254
0.000331735
0.00033219
0.000332636
0.000333026
0.000333399
0.00033378
0.000334116
0.000334404
0.000334655
0.000334833
0.000335001
0.000335158
0.000335241
0.000335284
0.000335302
0.000335248
0.000335152
0.000334999
0.00033479
0.000334553
0.000334269
0.000333937
0.000333551
0.000333087
0.000332593
0.000332053
0.000331476
0.000330873
0.000330223
0.000329543
0.000328901
0.000328242
0.000327525
0.000326766
0.000325978
0.000325156
0.000324292
0.00032338
0.000322432
0.000321447
0.00032044
0.000319416
0.000318371
0.000317294
0.000316181
0.000315031
0.000313847
0.00031264
0.000311417
0.000310184
0.000308938
0.000307675
0.000306393
0.000305096
0.000303783
0.000302458
0.000301119
0.000299776
0.000298426
0.000297075
0.000295721
0.000294362
0.000293018
0.000291671
0.000290317
0.000288976
0.000287623
0.000286239
0.000284844
0.000283445
0.000282052
0.000280685
0.000279363
0.000278044
0.000276761
0.000275538
0.00027433
0.000273157
0.000272024
0.000270926
0.000269857
0.000268832
0.000267841
0.000266879
0.000265942
0.000265051
0.000264186
0.000263326
0.000262478
0.000261648
0.000260836
0.000260041
0.000259263
0.000258496
0.000257729
0.000256952
0.000256182
0.000255417
0.000254655
0.000253899
0.000253152
0.00025241
0.000251676
0.00025095
0.000250232
0.000249523
0.000248825
0.000248135
0.000247456
0.000246788
0.00024613
0.000245481
0.000244838
0.000244203
0.000243606
0.000243043
0.000242499
0.000241981
0.000241481
0.000241
0.000240538
0.000240097
0.000239678
0.000239278
0.000238896
0.000238533
0.000238195
0.000237881
0.000237589
0.000237319
0.000237071
0.000236861
0.00023668
0.000236514
0.000236366
0.000236242
0.000236145
0.000236079
0.000236038
0.000236018
0.000236015
0.000236027
0.000236054
0.000236099
0.000236167
0.000236262
0.000236384
0.000236525
0.000236678
0.000236841
0.000237015
0.000237202
0.0002374
0.000237607
0.000237817
0.000238026
0.000238233
0.000238443
0.00023866
0.000238899
0.000239166
0.000239462
0.000239777
0.000240094
0.000240398
0.000240685
0.000240957
0.000241235
0.000241524
0.000241824
0.000242141
0.000242473
0.000242818
0.000243183
0.000243578
0.000244004
0.000244461
0.000244924
0.00024538
0.000245824
0.000246261
0.000246695
0.000247142
0.000247601
0.000248085
0.000248594
0.000249123
0.000249666
0.000250218
0.000250773
0.00025133
0.000251893
0.000252462
0.000253038
0.00025362
0.000254208
0.000254795
0.00025538
0.000255972
0.000256576
0.000257189
0.000257799
0.000258407
0.000259014
0.000259622
0.000260238
0.000260851
0.000261453
0.000262052
0.000262652
0.000263253
0.000263855
0.00026446
0.000265068
0.000265682
0.000266299
0.000266899
0.00026748
0.000268053
0.000268629
0.000269202
0.00026975
0.000270257
0.000270715
0.000271128
0.000271509
0.000271883
0.000272287
0.00027274
0.000273242
0.00027378
0.000274337
0.000274908
0.000275465
0.000275981
0.000276444
0.000276837
0.000277153
0.000277398
0.000277603
0.000277801
0.000278
0.00027819
0.000278354
0.000278489
0.000278586
0.000278645
0.000278673
0.000278674
0.000278649
0.000278595
0.000278501
0.000278356
0.000278146
0.00027786
0.000277501
0.000277072
0.000276588
0.00027606
0.000275506
0.000274943
0.000274394
0.000273873
0.000273397
0.000272955
0.000272528
0.000272117
0.000271705
0.000271271
0.000270823
0.000270365
0.0002699
0.000269431
0.000268964
0.000268501
0.00026805
0.000267633
0.000267267
0.000266957
0.000266698
0.000266489
0.00026633
0.000266218
0.000266155
0.000266137
0.000266147
0.000266161
0.000266164
0.000266144
0.000266101
0.000266039
0.000265963
0.000265869
0.000265757
0.000265625
0.000265477
0.000265315
0.000265147
0.000264978
0.000264817
0.000264669
0.000264538
0.000264422
0.000264319
0.000264224
0.000264141
0.000264068
0.000264005
0.000263951
0.000263905
0.000263866
0.000263837
0.000263817
0.000263806
0.000263808
0.000263833
0.00026389
0.000263986
0.000264115
0.000264268
0.00026443
0.000264598
0.000264768
0.000264935
0.000265096
0.00026526
0.000265439
0.000265631
0.000265824
0.000266016
0.000266213
0.000266423
0.000266646
0.00026688
0.000267117
0.000267347
0.000267566
0.000267769
0.000267958
0.000268133
0.000268296
0.000268452
0.000268605
0.000268756
0.000268902
0.000269041
0.000269173
0.0002693
0.000269424
0.000269546
0.00026967
0.000269798
0.000269931
0.000270072
0.000270223
0.000270388
0.00027057
0.00027077
0.000270989
0.000271226
0.000271482
0.000271751
0.000272031
0.000272319
0.000272613
0.000272912
0.000273217
0.000273525
0.00027384
0.000274161
0.000274489
0.000274824
0.000275165
0.000275514
0.000275871
0.000276237
0.000276612
0.000276997
0.000277393
0.000277803
0.000278226
0.000278665
0.000279121
0.000279592
0.000280078
0.000280575
0.00028108
0.000281587
0.000282093
0.000282589
0.000283074
0.000283542
0.000283993
0.000284424
0.000284837
0.000285228
0.0002856
0.00028595
0.000286282
0.000286595
0.000286884
0.000287153
0.0002874
0.000287628
0.000287837
0.000288028
0.0002882
0.000288369
0.000288508
0.000288639
0.000288758
0.000288863
0.000288971
0.000289051
0.000289128
0.000289199
0.000289263
0.000289323
0.000289381
0.000289436
0.00028949
0.000289542
0.000289594
0.000289645
0.0002897
0.000289756
0.000289818
0.000289885
0.000289961
0.000290042
0.000290127
0.000290214
0.000290301
0.000290387
0.00029047
0.000290547
0.000290617
0.000290676
0.000290722
0.000290752
0.000290767
0.000290766
0.000290746
0.000290706
0.000290645
0.000290562
0.000290457
0.000290327
0.00029017
0.000289984
0.000289766
0.000289511
0.000289221
0.000288892
0.000288531
0.000288139
0.000287724
0.000287292
0.000286844
0.000286383
0.000285911
0.000285428
0.00028494
0.00028445
0.000283964
0.000283483
0.000283007
0.000282534
0.000282064
0.000281596
0.000281129
0.000280664
0.000280199
0.000279734
0.000279269
0.000278803
0.000278335
0.000277866
0.000277396
0.000276926
0.000276454
0.000275981
0.000275505
0.000275025
0.000274543
0.000274056
0.000273565
0.00027307
0.000272573
0.00027207
0.000271566
0.000271058
0.00027055
0.000270038
0.000269528
0.000269015
0.000268505
0.000267993
0.000267484
0.000266979
0.000266482
0.000265993
0.000265512
0.000265039
0.00026459
0.00026416
0.000263735
0.000263321
0.000262922
0.000262534
0.00026216
0.000261796
0.000261446
0.000261132
0.000260846
0.000260573
0.000260324
0.000260095
0.000259893
0.000259734
0.000259598
0.000259453
0.000259319
0.000259194
0.000259076
0.000258987
0.000258919
0.000258851
0.000258784
0.000258752
0.000258741
0.000258724
0.000258714
0.000258713
0.000258733
0.000258766
0.000258796
0.000258857
0.000258939
0.000259033
0.000259145
0.000259265
0.000259377
0.000259492
0.000259606
0.000259721
0.000259842
0.000259981
0.000260142
0.000260319
0.000260513
0.000260724
0.000260953
0.000261201
0.000261464
0.000261747
0.000262052
0.000262378
0.000262721
0.000263076
0.000263452
0.000263846
0.000264271
0.000264721
0.000265179
0.000265639
0.000266106
0.000266585
0.000267082
0.000267585
0.000268096
0.000268612
0.000269135
0.000269662
0.00027019
0.000270711
0.000271226
0.000271728
0.000272221
0.000272698
0.00027316
0.000273612
0.000274087
0.000274566
0.000275034
0.000275492
0.000275943
0.000276393
0.000276843
0.000277281
0.000277715
0.000278144
0.000278574
0.000279005
0.000279444
0.000279879
0.000280301
0.000280713
0.000281119
0.000281522
0.000281928
0.000282331
0.00028274
0.000283154
0.000283572
0.00028399
0.000284406
0.000284803
0.000285178
0.000285517
0.000285823
0.000286088
0.000286315
0.000286496
0.00028664
0.000286737
0.000286805
0.000286842
0.000286846
0.000286805
0.000286738
0.000286644
0.000286507
0.000286336
0.000286126
0.000285877
0.000285598
0.000285295
0.000284954
0.000284578
0.000284165
0.000283717
0.000283235
0.00028272
0.00028218
0.000281614
0.000281021
0.000280398
0.000279745
0.000279058
0.000278343
0.000277591
0.000276814
0.000276013
0.000275215
0.000274417
0.000273614
0.000272811
0.000272018
0.00027125
0.000270482
0.000269723
0.00026896
0.00026819
0.000267404
0.00026658
0.00026572
0.000264846
0.00026403
0.000263266
0.000262517
0.000261794
0.000261079
0.000260375
0.000259677
0.000258984
0.000258298
0.000257616
0.000256943
0.000256276
