0.000250437
0.000250434
0.000250432
0.00025043
0.000250428
0.000250426
0.000250425
0.000250423
0.000250422
0.000250421
0.00025042
0.000250419
0.000250418
0.000250417
0.000250417
0.000250416
0.000250416
0.000250416
0.000250416
0.000250416
0.000250416
0.000250417
0.000250418
0.000250418
0.000250419
0.00025042
0.000250422
0.000250423
0.000250424
0.000250426
0.000250428
0.00025043
0.000250432
0.000250434
0.000250436
0.000250438
0.00025044
0.000250443
0.000250445
0.000250448
0.000250451
0.000250453
0.000250456
0.000250459
0.000250462
0.000250465
0.000250468
0.000250471
0.000250474
0.000250476
0.000250479
0.000250482
0.000250485
0.000250488
0.00025049
0.000250493
0.000250496
0.000250498
0.000250501
0.000250503
0.000250505
0.000250507
0.000250509
0.000250511
0.000250513
0.000250515
0.000250516
0.000250518
0.000250519
0.00025052
0.000250522
0.000250523
0.000250524
0.000250524
0.000250525
0.000250526
0.000250526
0.000250527
0.000250527
0.000250527
0.000250527
0.000250527
0.000250527
0.000250527
0.000250527
0.000250527
0.000250527
0.000250526
0.000250526
0.000250525
0.000250525
0.000250525
0.000250524
0.000250524
0.000250523
0.000250523
0.000250522
0.000250522
0.000250521
0.000250521
0.00025052
0.00025052
0.000250519
0.000250519
0.000250519
0.000250518
0.000250518
0.000250518
0.000250518
0.000250518
0.000250517
0.000250517
0.000250517
0.000250517
0.000250517
0.000250517
0.000250518
0.000250518
0.000250518
0.000250518
0.000250519
0.000250519
0.00025052
0.00025052
0.000250521
0.000250521
0.000250522
0.000250523
0.000250524
0.000250525
0.000250526
0.000250527
0.000250528
0.000250529
0.00025053
0.000250531
0.000250533
0.000250534
0.000250535
0.000250537
0.000250539
0.00025054
0.000250542
0.000250544
0.000250545
0.000250547
0.000250549
0.000250551
0.000250553
0.000250555
0.000250557
0.000250559
0.000250562
0.000250564
0.000250566
0.000250568
0.00025057
0.000250573
0.000250575
0.000250577
0.00025058
0.000250582
0.000250584
0.000250587
0.000250589
0.000250591
0.000250593
0.000250596
0.000250598
0.0002506
0.000250602
0.000250604
0.000250607
0.000250609
0.000250611
0.000250613
0.000250615
0.000250617
0.000250619
0.00025062
0.000250622
0.000250624
0.000250626
0.000250628
0.000250629
0.000250631
0.000250632
0.000250634
0.000250635
0.000250637
0.000250638
0.00025064
0.000250641
0.000250642
0.000250644
0.000250645
0.000250646
0.000250647
0.000250648
0.00025065
0.000250277
0.000249196
0.000247895
0.000246853
0.000245918
0.000244903
0.000243967
0.000242999
0.000242089
0.00024117
0.000240266
0.000239348
0.000238419
0.00023747
0.000236508
0.00023553
0.000234542
0.000233557
0.000232588
0.000231622
0.000230662
0.000229701
0.000228741
0.000227777
0.000226811
0.00022584
0.000224867
0.00022389
0.000222911
0.000221929
0.000220951
0.000219976
0.000219009
0.000218043
0.000217084
0.000216127
0.000215177
0.000214228
0.000213286
0.000212349
0.000211422
0.000210495
0.000209577
0.000208661
0.000207752
0.000206847
0.000205948
0.000205054
0.000204168
0.000203286
0.000202414
0.000201548
0.000200692
0.000199844
0.000199007
0.00019818
0.000197366
0.000196566
0.000195782
0.000195011
0.000194258
0.000193523
0.000192806
0.00019211
0.000191435
0.000190777
0.000190137
0.000189515
0.000188912
0.000188325
0.000187756
0.000187204
0.000186668
0.000186148
0.000185644
0.000185155
0.000184682
0.000184224
0.00018378
0.00018335
0.000182935
0.000182532
0.000182145
0.000181773
0.000181415
0.00018107
0.000180738
0.000180419
0.000180112
0.000179817
0.000179533
0.00017926
0.000178998
0.000178746
0.000178504
0.000178271
0.000178048
0.000177833
0.000177627
0.000177429
0.000177239
0.000177056
0.00017688
0.000176717
0.000176562
0.000176413
0.000176269
0.000176132
0.000176002
0.000175876
0.000175756
0.000175645
0.00017554
0.000175438
0.000175341
0.000175253
0.000175178
0.000175109
0.000175043
0.000174982
0.000174927
0.000174877
0.000174833
0.000174793
0.000174758
0.000174728
0.000174707
0.000174694
0.00017468
0.000174669
0.000174661
0.000174655
0.000174661
0.000174675
0.000174687
0.000174699
0.000174714
0.00017473
0.00017475
0.000174772
0.000174799
0.000174832
0.000174871
0.000174917
0.000174968
0.000175025
0.000175087
0.000175153
0.000175223
0.000175296
0.000175371
0.000175455
0.000175545
0.000175637
0.000175732
0.00017583
0.00017593
0.000176033
0.000176139
0.000176248
0.000176359
0.000176474
0.000176592
0.000176714
0.00017684
0.00017697
0.000177105
0.000177245
0.00017739
0.000177544
0.000177706
0.000177872
0.000178043
0.000178219
0.0001784
0.000178586
0.000178776
0.000178971
0.00017917
0.000179373
0.000179585
0.000179808
0.000180038
0.000180269
0.000180506
0.000180746
0.000180995
0.000181254
0.000181526
0.000181811
0.000182098
0.000182391
0.000182691
0.000182996
0.000183313
0.000183639
0.000183972
0.000184313
0.000184663
0.000185021
0.000185386
0.000185759
0.000186139
0.000186524
0.000186916
0.000187318
0.000187731
0.000188146
0.000188575
0.000189015
0.00018946
0.000189909
0.000190362
0.000190821
0.000191284
0.000191754
0.000192229
0.000192706
0.000193184
0.000193663
0.000194142
0.000194626
0.000195112
0.000195602
0.000196094
0.000196582
0.000197067
0.000197553
0.000198036
0.000198521
0.000199006
0.00019949
0.000199987
0.000200491
0.000200989
0.000201517
0.000202059
0.000202583
0.0002031
0.000203613
0.000204115
0.000204612
0.000205119
0.000205624
0.000206135
0.000206654
0.000207157
0.000207667
0.000208184
0.0002087
0.000209234
0.000209789
0.000210339
0.000210891
0.000211464
0.000212029
0.000212573
0.0002131
0.000213612
0.000214108
0.000214592
0.00021507
0.000215546
0.000216025
0.000216505
0.00021698
0.000217449
0.000217909
0.000218356
0.000218798
0.000219232
0.000219651
0.000220062
0.000220477
0.000220889
0.000221291
0.000221681
0.000222065
0.000222445
0.000222822
0.0002232
0.000223576
0.000223939
0.000224286
0.000224617
0.000224931
0.000225234
0.000225531
0.000225826
0.00022612
0.000226418
0.000226719
0.000227025
0.000227337
0.000227658
0.000227982
0.000228303
0.000228622
0.000228936
0.00022924
0.000229542
0.000229841
0.000230124
0.00023039
0.000230643
0.00023089
0.000231136
0.000231388
0.000231646
0.000231912
0.00023219
0.000232488
0.000232796
0.000233099
0.000233396
0.000233692
0.000233983
0.000234266
0.000234546
0.000234825
0.000235116
0.000235412
0.000235705
0.000235992
0.000236272
0.000236536
0.000236773
0.000236981
0.000237161
0.000237314
0.000237446
0.000237561
0.000237665
0.000237761
0.000237854
0.000237945
0.000238033
0.000238115
0.000238188
0.000238245
0.000238283
0.0002383
0.000238294
0.00023828
0.000238256
0.000238227
0.000238188
0.000238136
0.000238071
0.000237992
0.000237902
0.000237799
0.000237682
0.00023755
0.000237402
0.000237241
0.000237065
0.000236899
0.000236727
0.000236525
0.000236298
0.000236057
0.000235789
0.000235492
0.000235164
0.000234817
0.000234451
0.000234066
0.000233673
0.000233277
0.000232883
0.000232492
0.000232105
0.00023172
0.000231328
0.00023095
0.000230587
0.000230225
0.000229867
0.000229494
0.000229111
0.000228716
0.000228322
0.000227921
0.000227517
0.00022711
0.0002267
0.000226285
0.000225864
0.000225436
0.000224999
0.000224556
0.000224107
0.000223651
0.000223187
0.000222705
0.000222186
0.000221614
0.000220963
0.000220254
0.000219529
0.000218804
0.000218079
0.000217355
0.000216638
0.000215927
0.000215221
0.000214522
0.00021383
0.000213142
0.000212462
0.000211786
0.000211115
0.000210447
0.000209784
0.000209128
0.00020848
0.00020784
0.000207211
0.000206588
0.000205973
0.000205365
0.000204765
0.000204172
0.000203592
0.000203026
0.000202475
0.000201937
0.000201422
0.000200924
0.000200439
0.000199967
0.00019951
0.000199065
0.000198634
0.000198214
0.000197807
0.000197417
0.000197044
0.000196684
0.000196337
0.000196005
0.000195698
0.000195412
0.000195136
0.000194874
0.000194627
0.000194394
0.000194176
0.000193971
0.00019378
0.000193602
0.000193436
0.000193284
0.000193152
0.000193037
0.000192932
0.000192838
0.000192757
0.000192688
0.000192629
0.000192582
0.000192544
0.00019253
0.000192538
0.00019256
0.000192593
0.000192641
0.000192701
0.000192776
0.000192864
0.000192965
0.000193076
0.000193199
0.000193333
0.000193479
0.000193638
0.000193809
0.000193993
0.000194189
0.0001944
0.000194627
0.000194863
0.00019511
0.000195369
0.000195638
0.000195916
0.000196203
0.000196494
0.000196787
0.000197082
0.000197384
0.000197687
0.000197986
0.000198281
0.000198571
0.000198858
0.000199141
0.000199413
0.000199671
0.000199915
0.000200144
0.000200358
0.00020056
0.000200753
0.000200939
0.000201123
0.000201308
0.000201506
0.000201719
0.000201937
0.000202162
0.000202392
0.000202626
0.00020286
0.000203092
0.000203323
0.000203554
0.000203783
0.000204018
0.000204255
0.000204489
0.000204714
0.000204924
0.00020512
0.0002053
0.000205468
0.000205628
0.000205788
0.000205959
0.000206146
0.000206357
0.000206589
0.000206838
0.000207093
0.000207338
0.000207562
0.00020776
0.00020793
0.000208076
0.000208203
0.00020832
0.000208437
0.000208557
0.000208683
0.000208811
0.000208935
0.000209047
0.000209147
0.000209233
0.000209306
0.000209371
0.000209438
0.000209511
0.000209602
0.000209705
0.000209809
0.000209913
0.000210014
0.000210114
0.000210216
0.000210322
0.000210433
0.000210547
0.000210667
0.000210796
0.000210929
0.000211055
0.000211177
0.000211294
0.00021141
0.00021153
0.000211661
0.000211801
0.000211931
0.000212032
0.000212083
0.000212074
0.000212005
0.000211891
0.000211753
0.000211611
0.000211449
0.000211264
0.000211051
0.000210815
0.000210554
0.00021027
0.000209964
0.00020963
0.000209274
0.000208924
0.000208569
0.0002082
0.000207805
0.000207385
0.000206944
0.000206532
0.000206096
0.000205664
0.000205226
0.000204782
0.000204334
0.000203884
0.000203435
0.000203001
0.000202583
0.000202175
0.000201782
0.000201393
0.000201018
0.000200652
0.000200308
0.000199977
0.000199669
0.000199376
0.000199101
0.000198832
0.000198575
0.000198326
0.000198085
0.00019785
0.000197619
0.000197391
0.000197164
0.000196935
0.000196704
0.00019648
0.000196258
0.000196041
0.00019583
0.000195626
0.000195432
0.00019524
0.000195054
0.000194874
0.000194701
0.000194528
0.000194363
0.000194205
0.000194058
0.000193921
0.000193797
0.000193687
0.000193593
0.000193515
0.000193455
0.000193412
0.000193386
0.000193379
0.000193389
0.000193417
0.000193464
0.000193528
0.000193611
0.000193711
0.000193829
0.000193963
0.000194113
0.000194278
0.000194457
0.00019465
0.000194854
0.000195071
0.000195298
0.000195536
0.000195784
0.000196043
0.000196311
0.000196589
0.000196876
0.00019717
0.000197471
0.000197778
0.00019809
0.000198406
0.000198726
0.000199049
0.000199375
0.000199704
0.000200035
0.000200368
0.0002007
0.000201032
0.000201362
0.000201688
0.00020201
0.000202326
0.000202635
0.000202936
0.00020323
0.000203514
0.000203789
0.000204056
0.000204315
0.000204566
0.000204811
0.000205049
0.000205282
0.00020551
0.000205735
0.000205958
0.000206184
0.000206416
0.000206661
0.00020692
0.000207192
0.000207474
0.00020776
0.000208047
0.000208332
0.000208614
0.000208896
0.000209177
0.000209458
0.000209732
0.000210004
0.000210268
0.000210531
0.000210785
0.000211036
0.000211281
0.000211524
0.000211763
0.000212
0.000212236
0.000212473
0.000212711
0.000212951
0.000213193
0.000213439
0.000213689
0.000213945
0.000214208
0.000214474
0.000214746
0.000215023
0.000215308
0.000215597
0.000215891
0.000216189
0.000216488
0.000216786
0.000217079
0.000217367
0.000217647
0.000217917
0.000218176
0.000218425
0.000218662
0.000218884
0.000219093
0.000219285
0.00021946
0.000219615
0.000219752
0.000219868
0.000219966
0.000220046
0.000220109
0.000220158
0.000220195
0.00022022
0.000220236
0.000220242
0.000220241
0.000220232
0.000220218
0.000220197
0.000220172
0.000220141
0.000220105
0.000220064
0.000220017
0.000219966
0.000219909
0.000219846
0.000219777
0.000219701
0.00021962
0.00021953
0.000219435
0.000219331
0.000219219
0.000219102
0.000218982
0.000218853
0.000218722
0.000218585
0.000218442
0.00021829
0.000218132
0.000217965
0.00021779
0.000217606
0.000217408
0.000217197
0.000216976
0.000216742
0.000216531
0.000216334
0.000216122
0.00021589
0.000215649
0.0002154
0.000215137
0.000214867
0.000214574
0.000214278
0.000213968
0.000213651
0.000213327
0.000213007
0.00021269
0.000212377
0.000212069
0.000211766
0.000211477
0.0002112
0.000210928
0.000210677
0.000210436
0.000210195
0.000209957
0.000209726
0.000209499
0.000209263
0.000209025
0.000208786
0.000208543
0.0002083
0.000208056
0.00020782
0.000207588
0.000207358
0.000207126
0.000206893
0.000206664
0.000206442
0.000206219
0.000205991
0.00020576
0.000205524
0.000205285
0.000205041
0.000204795
0.000204548
0.000204305
0.000204058
0.000203814
0.000203569
0.000203326
0.000203083
0.000202844
0.000202607
0.000202374
0.000202144
0.00020192
0.000201701
0.00020149
0.000201284
0.000201086
0.000200892
0.000200705
0.000200524
0.000200362
0.000200214
0.000200084
0.000199959
0.000199849
0.00019975
0.000199668
0.000199599
0.000199549
0.000199511
0.000199494
0.00019949
0.000199508
0.000199538
0.000199591
0.000199657
0.000199743
0.000199842
0.000199959
0.00020008
0.00020022
0.00020037
0.000200531
0.000200705
0.00020088
0.000201067
0.000201258
0.000201463
0.000201675
0.000201902
0.000202136
0.000202382
0.000202634
0.000202891
0.00020315
0.000203409
0.000203663
0.00020392
0.000204172
0.00020442
0.000204668
0.000204916
0.00020517
0.000205426
0.00020569
0.000205954
0.000206225
0.000206484
0.000206745
0.000206996
0.000207244
0.000207474
0.000207681
0.000207868
0.000208029
0.000208167
0.000208278
0.000208367
0.000208432
0.000208479
0.000208505
0.000208515
0.000208507
0.000208485
0.000208442
0.000208387
0.000208321
0.000208247
0.000208162
0.000208069
0.000207967
0.000207859
0.000207743
0.000207627
0.000207488
0.000207336
0.000207165
0.000206972
0.000206751
0.000206503
0.000206259
0.00020601
0.000205805
0.000205634
0.000205418
0.00020516
0.000204929
0.000204728
0.00020451
0.000204297
0.000204088
0.000203886
0.000203692
0.000203498
0.000203308
0.000203112
0.000202921
0.000202735
0.00020257
0.00020241
0.000202265
0.000202126
0.000202021
0.000201916
0.000201852
0.000201778
0.000201747
0.000201697
0.000201703
0.000201706
0.000201743
0.00020178
0.000201854
0.000201925
0.000202031
0.000202137
0.000202277
0.000202417
0.000202594
0.000202772
0.000202979
0.000203179
0.000203405
0.000203619
0.000203855
0.000204078
0.000204318
0.000204547
0.000204793
0.000205033
0.00020529
0.000205548
0.000205822
0.000206103
