0.000416761
0.000415059
0.000415848
0.000416413
0.000414904
0.000415635
0.000416441
0.000414579
0.000415695
0.000415881
0.000414758
0.000415228
0.000416026
0.000414285
0.000415353
0.000415635
0.000414525
0.000415087
0.000415481
0.000414467
0.000415064
0.000415573
0.000414241
0.0004149
0.000415492
0.000414145
0.00041468
0.000415379
0.000414185
0.000414531
0.000415728
0.000413678
0.000414872
0.000415301
0.000413946
0.000414653
0.000415609
0.000413615
0.000414987
0.000415566
0.000413463
0.000415238
0.000415368
0.000413851
0.000415113
0.000415412
0.000413838
0.000415123
0.000415369
0.000413868
0.000415306
0.000415454
0.000414002
0.000415324
0.000415599
0.000414107
0.000415555
0.000415701
0.000414169
0.000415746
0.000415799
0.000414515
0.000415588
0.000416246
0.000414266
0.00041608
0.000416027
0.000414793
0.000415906
0.000416641
0.000414535
0.000416414
0.000416622
0.000414937
0.00041654
0.000416737
0.000415186
0.000416668
0.000417271
0.000414973
0.000417115
0.000417146
0.000415655
0.0004171
0.000417416
0.000415781
0.000417253
0.000417807
0.000415875
0.000417643
0.000417906
0.000416224
0.000417979
0.000418099
0.000416612
0.000417911
0.00041865
0.00041631
0.00041852
0.000418425
0.000416939
0.000418446
0.000419055
0.000416725
0.000418954
0.00041897
0.000417325
0.000419082
0.000419192
0.000417535
0.000419151
0.000419611
0.000417595
0.000419529
0.000419591
0.000417984
0.000419806
0.000419798
0.000418339
0.000419614
0.000420366
0.00041802
0.000420158
0.000420127
0.000418524
0.000420069
0.000420729
0.000418256
0.000420534
0.000420493
0.00041884
0.000420518
0.000420719
0.000419023
0.000420626
0.000421088
0.000419136
0.000420638
0.000421325
0.000418852
0.000420998
0.000421049
0.000419255
0.0004209
0.000421283
0.000419095
0.00042123
0.000421162
0.000419473
0.000420967
0.000421642
0.000419071
0.000421245
0.000421508
0.000419354
0.000421349
0.000421263
0.000419622
0.000421154
0.000421553
0.000419519
0.000421122
0.000421472
0.00041939
0.000421336
0.000420985
0.00041976
0.000421041
0.000421345
0.000419523
0.000420985
0.000421333
0.000419355
0.000421025
0.000420983
0.000419487
0.000420823
0.000421292
0.000419195
0.000420766
0.000421105
0.000419097
0.00042062
0.000421002
0.000418963
0.000420521
0.000420869
0.000418883
0.000420381
0.000420751
0.000418712
0.000420213
0.000420774
0.000418418
0.000420329
0.000420273
0.000418556
0.000420049
0.000420192
0.000418244
0.000419496
0.000416928
0.000410827
0.000408355
0.000404238
0.000397894
0.000395795
0.000391473
0.000386061
0.000383222
0.000379714
0.000374069
0.000371858
0.000367878
0.000363023
0.000360296
0.000356392
0.000351791
0.000349221
0.000345335
0.000341155
0.000338243
0.000334861
0.000330464
0.000328024
0.000324222
0.000320649
0.000317648
0.000314556
0.000310556
0.000307986
0.000304594
0.000301138
0.000298348
0.000295313
0.000292088
0.000289689
0.000286592
0.00028407
0.000281559
0.000278772
0.000276654
0.000274193
0.000272318
0.000270141
0.000268432
0.000266588
0.000264945
0.00026327
0.00026182
0.000260271
0.000259034
0.000257545
0.000256451
0.000255166
0.000254205
0.000253095
0.000252412
0.000251481
0.000250832
0.000250156
0.000249448
0.000248963
0.000248508
0.000248227
0.000248016
0.000247968
0.000247973
0.000247925
0.000248155
0.000248261
0.000248668
0.000248923
0.000249394
0.000249715
0.00025035
0.000250879
0.000251801
0.000252448
0.000253375
0.000254086
0.000255058
0.000255701
0.000257271
0.000258493
0.000260103
0.000261262
0.000263016
0.000264261
0.000265882
0.000267639
0.000268985
0.000270773
0.000272854
0.000274439
0.000277083
0.000278821
0.000280307
0.000282087
0.000283539
0.000285185
0.000287226
0.000288926
0.000290943
0.000292799
0.000294748
0.000296872
0.000299314
0.00030168
0.000304225
0.00030666
0.000308304
0.00031025
0.000312429
0.00031364
0.000315654
0.000317736
0.000318881
0.000321542
0.000323191
0.000324796
0.000326809
0.000328547
0.000329878
0.000331927
0.000332941
0.000334568
0.000336296
0.000337333
0.000338833
0.000340262
0.000341429
0.000342277
0.000343191
0.000343811
0.000344102
0.000344293
0.000344539
0.000344476
0.000344031
0.000343989
0.000342701
0.000341925
0.00034073
0.000339509
0.000337634
0.000336471
0.000333919
0.000332061
0.000329822
0.000327339
0.000324422
0.000322295
0.000318878
0.000316037
0.000313189
0.000310248
0.000306897
0.000304233
0.000300915
0.000297824
0.000294786
0.000292104
0.000288879
0.000286431
0.00028338
0.000281164
0.000278345
0.000276086
0.00027325
0.000271229
0.000268451
0.000266569
0.000264073
0.000262267
0.000259994
0.000258422
0.000256393
0.00025502
0.000253097
0.000251782
0.00024999
0.000248784
0.000247175
0.000246029
0.000244554
0.000243543
0.000242132
0.000241177
0.000239883
0.000239093
0.000237861
0.000237156
0.000236027
0.000235467
0.000234536
0.000234138
0.000233334
0.000233056
0.000232419
0.000232333
0.000231817
0.000231794
0.000231331
0.000231411
0.00023114
0.000231457
0.000231384
0.000231827
0.000231838
0.00023229
0.000232252
0.00023264
0.000232617
0.000233099
0.000233214
0.000233797
0.000233948
0.000234522
0.000234653
0.000235228
0.000235497
0.000236194
0.000236679
0.000237609
0.000238175
0.000239218
0.000239885
0.00024101
0.00024169
0.00024273
0.000243326
0.000244309
0.00024487
0.000245922
0.000246663
0.000247865
0.000248657
0.000249791
0.00025051
0.000251557
0.000252151
0.000253255
0.000254045
0.000255333
0.000256205
0.000257495
0.00025847
0.000259847
0.000260858
0.000262318
0.000263469
0.000265061
0.000266274
0.000267894
0.000269102
0.000270667
0.000271711
0.000273058
0.000273805
0.000274889
0.000275389
0.000276324
0.000276731
0.00027764
0.000278063
0.000278998
0.000279422
0.000280343
0.000280749
0.000281591
0.000281833
0.000282479
0.000282472
0.000282886
0.000282646
0.000282882
0.000282593
0.000282979
0.000283051
0.000283704
0.000283695
0.000283996
0.000283537
0.000283479
0.000282872
0.00028268
0.000281946
0.000281742
0.000281122
0.000281068
0.000280576
0.000280648
0.00028028
0.000280451
0.000280138
0.000280334
0.000280057
0.000280288
0.000280022
0.00028037
0.000280389
0.000281026
0.000281163
0.000281808
0.000282011
0.000282864
0.000283345
0.000284458
0.000285104
0.000286432
0.00028714
0.000288403
0.000289089
0.000290412
0.000291191
0.000292414
0.000293039
0.000294178
0.000294654
0.00029553
0.000295756
0.00029651
0.000296871
0.000297694
0.00029783
0.000298353
0.000298022
0.000298127
0.000297608
0.000297823
0.000297347
0.000297589
0.000297323
0.000297665
0.000297679
0.000298352
0.000298693
0.000299594
0.000300165
0.000301344
0.00030187
0.000303165
0.000303653
0.000304793
0.000305166
0.000305925
0.000305983
0.000306503
0.00030588
0.000305953
0.000305495
0.000304778
0.000303996
0.000303535
0.000301989
0.000301634
0.000299944
0.00029936
0.00029759
0.000296851
0.000295095
0.000294294
0.000292656
0.000291904
0.000290448
0.000289868
0.000288735
0.000288417
0.000287515
0.000287301
0.000286493
0.000286334
0.00028559
0.000285456
0.000284738
0.000284634
0.00028392
0.000283719
0.000282797
0.000282357
0.000281225
0.000280709
0.000279566
0.000279013
0.000277901
0.00027734
0.000276251
0.00027583
0.000274892
0.00027467
0.000273852
0.000273813
0.000273172
0.000273179
0.000272639
0.000272729
0.00027225
0.000272439
0.000272003
0.000272297
0.000271882
0.000272227
0.000271809
0.000272207
0.000271753
0.000272143
0.000271619
0.000271962
0.00027145
0.000271675
0.000271178
0.000271366
0.000270689
0.000270774
0.000270234
0.000270119
0.000269492
0.000269479
0.000268752
0.000268784
0.00026817
0.000268145
0.000267567
0.000267677
0.00026719
0.000267362
0.000266972
0.000267199
0.000266876
0.000267155
0.000266912
0.00026724
0.000267057
0.000267471
0.000267356
0.000267786
0.000267677
0.00026811
0.000268044
0.000268512
0.000268498
0.000269028
0.000269058
0.000269625
0.000269653
0.000270216
0.000270218
0.000270788
0.000270806
0.000271442
0.000271524
0.000272249
0.000272398
0.000273207
0.000273417
0.000274312
0.000274581
0.000275558
0.000275858
0.000276888
0.000277204
0.000278284
0.000278616
0.000279738
0.000280074
0.000281212
0.000281529
0.000282658
0.000282932
0.000284023
0.000284229
0.000285263
0.000285388
0.000286362
0.000286421
0.000287327
0.000287295
0.00028813
0.000288045
0.000288802
0.000288649
0.000289376
0.000289125
0.000289781
0.000289451
0.000290006
0.000289607
0.000290058
0.000289555
0.000289907
0.000289323
0.000289579
0.000288915
0.000289069
0.000288315
0.00028836
0.000287481
0.000287463
0.000286448
0.00028632
0.000285212
0.000284985
0.000283804
0.0002835
0.000282275
0.000281928
0.000280691
0.000280324
0.000279081
0.000278699
0.000277453
0.000277069
0.00027584
0.000275481
0.000274288
0.000273967
0.000272819
0.000272537
0.000271425
0.000271179
0.000270109
0.000269914
0.000268913
0.000268791
0.000267872
0.000267821
0.000266967
0.000266961
0.00026615
0.000266177
0.000265406
0.000265474
0.000264754
0.000264874
0.000264203
0.000264364
0.000263722
0.00026391
0.000263301
0.000263537
0.000262972
0.000263249
0.000262737
0.000263075
0.000262626
0.00026302
0.000262626
0.000263068
0.000262724
0.000263211
0.000262913
0.000263441
0.000263189
0.00026376
0.000263559
0.00026418
0.000264033
0.000264704
0.000264608
0.000265329
0.00026528
0.00026605
0.000266047
0.000266867
0.000266909
0.000267781
0.000267865
0.000268789
0.000268914
0.000269894
0.000270053
0.000271089
0.000271271
0.000272369
0.000272559
0.000273694
0.000273894
0.000275075
0.000275287
0.000276509
0.000276733
0.000277984
0.000278213
0.000279488
0.000279717
0.000280993
0.000281217
0.000282485
0.000282703
0.000283978
0.000284179
0.000285454
0.000285634
0.000286905
0.000287057
0.000288318
0.000288441
0.000289685
0.000289778
0.000291001
0.000291063
0.000292259
0.000292288
0.000293449
0.00029344
0.000294554
0.000294498
0.000295552
0.000295436
0.000296415
0.000296227
0.00029712
0.000296852
0.00029765
0.000297298
0.000297994
0.000297555
0.000298144
0.000297616
0.000298095
0.000297475
0.000297841
0.000297126
0.000297378
0.000296563
0.000296696
0.000295773
0.00029578
0.000294748
0.000294638
0.000293515
0.000293318
0.000292141
0.000291894
0.000290688
0.000290398
0.000289156
0.000288823
0.000287559
0.000287212
0.000285955
0.000285614
0.000284369
0.000284041
0.00028281
0.000282504
0.000281293
0.000281014
0.000279826
0.000279576
0.000278407
0.000278177
0.000277016
0.000276798
0.000275643
0.000275437
0.000274291
0.0002741
0.000272966
0.000272792
0.000271676
0.000271511
0.00027042
0.000270283
0.000269225
0.000269115
0.000268101
0.00026802
0.000267061
0.000267017
0.000266122
0.000266111
0.000265277
0.000265295
0.00026452
0.000264571
0.000263859
0.000263952
0.000263306
0.000263444
0.000262861
0.000263044
0.00026252
0.000262749
0.000262282
0.000262558
0.000262146
0.000262468
0.000262108
0.000262478
0.000262169
0.000262588
0.000262329
0.000262802
0.000262592
0.000263122
0.000262961
0.000263549
0.000263431
0.000264074
0.000263993
0.000264689
0.000264652
0.000265404
0.000265389
0.000266186
0.000266198
0.000267063
0.000267121
0.000268034
0.000268129
0.000269107
0.00026926
0.000270302
0.000270487
0.000271556
0.000271764
0.000272865
0.000273095
0.000274195
0.000274507
0.000275573
0.000275851
0.00027693
0.000277207
0.000278268
0.000278628
0.000279682
0.000280047
0.000281106
0.000281459
0.000282513
0.000282852
0.00028389
0.000284198
0.000285219
0.000285507
0.000286501
0.000286756
0.000287711
0.000287918
0.000288824
0.000288963
0.000289832
0.000289929
0.00029073
0.000290754
0.000291492
0.000291437
0.000292109
0.000291946
0.000292609
0.000292368
0.00029292
0.000292645
0.000293069
0.000292699
0.000293127
0.000292573
0.00029295
0.000292326
0.000292601
0.000291915
0.000292101
0.00029134
0.000291457
0.000290631
0.000290684
0.000289802
0.000289796
0.000288865
0.000288804
0.000287834
0.000287724
0.000286727
0.000286577
0.000285566
0.000285385
0.00028437
0.000284168
0.000283159
0.000282944
0.000281947
0.000281726
0.000280745
0.000280521
0.000279559
0.000279334
0.000278391
0.00027817
0.000277247
0.000277032
0.000276131
0.000275936
0.000275058
0.000274865
0.000274011
0.000273833
0.000273004
0.000272842
0.000272037
0.000271894
0.000271113
0.000270991
0.000270235
0.000270135
0.000269405
0.00026933
0.000268626
0.000268577
0.000267903
0.000267883
0.00026724
0.000267254
0.000266646
0.000266697
0.000266127
0.000266218
0.00026569
0.000265823
0.000265337
0.000265511
0.000265067
0.000265282
0.00026488
0.000265135
0.000264772
0.000265064
0.000264736
0.000265061
0.000264763
0.000265118
0.000264845
0.000265226
0.000264976
0.000265381
0.000265151
0.00026558
0.00026537
0.000265821
0.000265631
0.000266104
0.000265934
0.000266431
0.000266281
0.000266803
0.000266675
0.000267224
0.00026712
0.000267697
0.00026762
0.000268225
0.000268174
0.000268811
0.000268787
0.000269454
0.000269457
0.000270152
0.000270184
0.000270907
0.000270966
0.000271719
0.000271802
0.000272583
0.000272687
0.000273494
0.000273616
0.000274446
0.00027458
0.000275428
0.00027557
0.000276431
0.000276574
0.000277445
0.000277586
0.000278461
0.000278594
0.000279469
0.00027959
0.000280463
0.00028057
0.000281437
0.000281527
0.000282384
0.000282453
0.000283295
0.000283341
0.000284141
0.000284208
0.000284951
0.000284996
0.000285744
0.000285728
0.000286449
0.0002864
0.000287093
0.000287007
0.000287675
0.000287551
0.000288191
0.000288027
0.000288636
0.000288441
0.000289014
0.000288763
0.000289297
0.000288999
0.000289488
0.000289139
0.000289578
0.000289176
0.000289564
0.000289108
0.000289444
0.000288935
0.000289221
0.000288661
0.000288899
0.000288292
0.000288486
0.000287834
0.000287987
0.000287294
0.00028741
0.000286681
0.00028676
0.000286002
0.00028605
0.000285269
0.000285289
0.000284492
0.000284489
0.00028368
0.000283657
0.00028284
0.000282802
0.000281981
0.000281931
0.000281111
0.000281053
0.000280237
0.000280175
0.000279365
0.000279305
0.000278504
0.000278446
0.000277656
0.000277594
0.000276815
0.000276767
0.000275998
0.000275958
0.000275199
0.000275169
0.000274423
0.000274403
0.000273674
0.000273665
0.000272955
0.00027296
0.00027227
0.00027229
0.000271623
0.00027166
0.000271018
0.000271074
0.000270458
0.000270536
0.000269948
0.000270061
0.000269508
0.000269644
0.000269122
0.000269286
0.000268794
0.000268985
0.000268525
0.000268743
0.000268315
0.00026856
0.000268163
0.000268436
0.000268071
0.000268371
0.000268035
0.000268362
0.000268055
0.000268409
0.00026813
0.000268511
0.00026826
0.000268668
0.000268443
0.000268878
0.000268679
0.000269146
0.000268977
0.000269467
