0.000346085
0.000342585
0.000346129
0.00034271
0.000345794
0.000343471
0.00034557
0.0003431
0.000345854
0.000342515
0.000345797
0.000342772
0.000345647
0.000342587
0.000345676
0.000342399
0.000345572
0.000342834
0.000345247
0.00034256
0.000345539
0.000342279
0.000345219
0.000342367
0.000345304
0.000342065
0.000345233
0.000342185
0.000344927
0.000342114
0.000345167
0.000341716
0.000344987
0.00034185
0.000344746
0.000342363
0.000344411
0.000342057
0.000344794
0.000341159
0.000344693
0.000341467
0.000344436
0.000341842
0.000344064
0.00034183
0.000344177
0.000341162
0.000344413
0.0003409
0.000344099
0.000341111
0.000343945
0.000341173
0.000343741
0.000341116
0.000343794
0.000340736
0.000343801
0.000340591
0.000343604
0.000340873
0.000343203
0.000340924
0.000343516
0.000340083
0.000343497
0.000339837
0.000343341
0.000340032
0.000343048
0.000340733
0.000342645
0.000340063
0.000343294
0.000339363
0.000342872
0.000340032
0.000342626
0.000340307
0.000342291
0.000340041
0.000342767
0.000339006
0.00034277
0.000339167
0.000342395
0.000339473
0.00034231
0.000340036
0.000341807
0.000339558
0.000342472
0.000338573
0.000342334
0.000339341
0.000341758
0.000339613
0.000342005
0.000339073
0.000341992
0.00033865
0.000342154
0.000338646
0.000341833
0.000339411
0.000341509
0.00033934
0.000341708
0.000338295
0.000342136
0.000338002
0.000341856
0.000338918
0.000341308
0.000339415
0.000341358
0.00033894
0.000341721
0.00033816
0.00034188
0.000338069
0.00034171
0.000338873
0.000341189
0.000339455
0.000341391
0.000338591
0.000341828
0.000337911
0.000341881
0.000338369
0.000341395
0.000339409
0.000341253
0.000338956
0.000341782
0.000338091
0.000341936
0.000338121
0.000341791
0.000339132
0.000341196
0.000339493
0.000341658
0.000338715
0.000341966
0.000338307
0.000342079
0.000338244
0.000341926
0.000339554
0.000341287
0.000339859
0.000341945
0.000338722
0.000342281
0.000338653
0.000342155
0.000338912
0.000342192
0.00033969
0.000341745
0.000339736
0.000342313
0.000339265
0.000342447
0.000339223
0.000342543
0.000338666
0.000342819
0.000339675
0.000342187
0.000340241
0.000342692
0.00033968
0.000342882
0.000339517
0.000343174
0.000339257
0.000343054
0.000340648
0.000342471
0.000340774
0.000343257
0.00033985
0.000343414
0.000339627
0.000343736
0.000339319
0.000343604
0.000341098
0.000342782
0.000341811
0.000343396
0.000340523
0.000344086
0.000339945
0.000344065
0.000340281
0.000343966
0.000339619
0.000338808
0.000336696
0.000334873
0.000333815
0.00033205
0.000330976
0.000329389
0.000328291
0.000326759
0.00032564
0.000324082
0.000322917
0.000321365
0.00032014
0.000318584
0.000317368
0.000315743
0.000314527
0.000312906
0.000311681
0.000310058
0.000308824
0.000307227
0.000306011
0.000304433
0.000303224
0.000301667
0.000300462
0.000298922
0.00029772
0.000296195
0.000294995
0.000293485
0.000292286
0.000290787
0.000289588
0.0002881
0.0002869
0.00028542
0.00028422
0.000282748
0.000281547
0.000280081
0.000278879
0.00027742
0.000276218
0.000274764
0.000273562
0.000272115
0.000270913
0.000269473
0.000268274
0.000266842
0.000265646
0.000264223
0.000263033
0.000261621
0.000260439
0.000259038
0.000257866
0.000256478
0.000255316
0.000253941
0.000252791
0.000251429
0.00025029
0.000248941
0.000247815
0.00024649
0.000245383
0.000244074
0.000242983
0.000241696
0.000240625
0.000239363
0.000238315
0.000237084
0.000236063
0.000234863
0.000233879
0.000232704
0.000231739
0.0002306
0.000229673
0.000228574
0.000227668
0.000226595
0.000225731
0.000224696
0.000223857
0.000222875
0.000222066
0.000221107
0.000220321
0.00021939
0.000218626
0.000217729
0.000217007
0.000216148
0.00021545
0.000214614
0.00021394
0.000213126
0.00021248
0.000211704
0.000211089
0.000210329
0.000209756
0.000209045
0.000208456
0.000207813
0.000207281
0.000206648
0.000206154
0.000205555
0.000205088
0.000204525
0.000204088
0.000203556
0.000203147
0.000202642
0.000202256
0.000201773
0.000201407
0.000200943
0.000200596
0.00020015
0.000199824
0.000199398
0.000199093
0.000198688
0.000198406
0.000198023
0.000197775
0.000197423
0.0001972
0.000196873
0.000196677
0.000196399
0.00019621
0.000195961
0.00019579
0.000195559
0.000195404
0.000195219
0.000195102
0.000194929
0.000194829
0.000194681
0.000194596
0.000194465
0.000194393
0.000194285
0.000194247
0.000194161
0.000194128
0.000194061
0.000194046
0.000193993
0.000193995
0.000193959
0.00019398
0.000193961
0.000194
0.000194024
0.000194094
0.000194128
0.000194214
0.000194265
0.000194365
0.000194429
0.000194541
0.000194616
0.000194759
0.000194827
0.000195013
0.000195103
0.000195301
0.000195412
0.000195622
0.00019576
0.000195959
0.00019611
0.000196366
0.000196516
0.000196766
0.000196946
0.000197202
0.000197376
0.000197668
0.00019786
0.000198134
0.000198343
0.000198631
0.000198841
0.000199126
0.000199338
0.000199623
0.000199837
0.000200124
0.000200341
0.000200629
0.000200846
0.000201133
0.000201349
0.000201644
0.000201863
0.000202153
0.000202369
0.000202655
0.000202867
0.000203171
0.000203395
0.000203695
0.000203915
0.000204231
0.000204458
0.000204791
0.000205039
0.000205385
0.000205646
0.000206003
0.000206269
0.000206606
0.000206882
0.000207246
0.000207501
0.000207863
0.000208129
0.00020853
0.00020881
0.000209208
0.000209489
0.000209896
0.000210179
0.00021059
0.000210872
0.000211285
0.000211565
0.000212029
0.000212353
0.000212822
0.000213154
0.000213699
0.000214069
0.000214626
0.00021502
0.000215579
0.000215965
0.000216636
0.000217086
0.000217722
0.000218188
0.000218881
0.000219365
0.000220061
0.000220563
0.000221291
0.000221846
0.000222597
0.000223153
0.000223939
0.000224476
0.000225269
0.000225837
0.000226618
0.000227187
0.000228026
0.000228634
0.000229447
0.000230048
0.000230866
0.000231478
0.00023231
0.000232961
0.000233799
0.000234452
0.000235311
0.000235959
0.000236799
0.000237428
0.000238286
0.000238931
0.000239793
0.000240418
0.000241295
0.000241994
0.00024289
0.000243532
0.000244426
0.000245053
0.000245939
0.00024665
0.000247564
0.00024826
0.000249205
0.000249889
0.000250833
0.000251556
0.0002525
0.00025326
0.000254209
0.000254972
0.000256003
0.000256782
0.000257759
0.000258523
0.00025949
0.000260255
0.000261213
0.000261955
0.000262889
0.000263591
0.000264511
0.000265204
0.000266112
0.000266784
0.000267653
0.000268317
0.000269126
0.000269723
0.000270541
0.000271098
0.000271885
0.0002724
0.000273179
0.000273678
0.000274358
0.000274816
0.000275474
0.000275831
0.000276407
0.000276768
0.000277372
0.000277673
0.00027823
0.000278483
0.000279015
0.00027923
0.000279678
0.000279838
0.00028022
0.000280256
0.000280594
0.000280529
0.000280756
0.000280594
0.000280721
0.000280464
0.000280517
0.000280171
0.000280138
0.000279685
0.000279541
0.000278971
0.000278705
0.000278006
0.000277605
0.000276775
0.000276382
0.000275518
0.000274952
0.000274022
0.000273406
0.000272315
0.000271587
0.000270471
0.000269733
0.000268563
0.000267683
0.000266457
0.000265473
0.00026417
0.000263111
0.00026176
0.000260652
0.000259188
0.000258014
0.000256473
0.000255212
0.000253613
0.000252293
0.000250654
0.000249248
0.000247547
0.000246097
0.000244414
0.000242911
0.000241201
0.000239724
0.000238052
0.000236557
0.00023491
0.000233395
0.000231776
0.000230263
0.000228698
0.000227227
0.000225709
0.000224265
0.000222793
0.000221372
0.000219951
0.000218585
0.000217238
0.000215972
0.000214748
0.000213569
0.000212431
0.000211312
0.000210232
0.000209152
0.000208124
0.000207088
0.000206133
0.000205151
0.000204259
0.000203332
0.000202482
0.000201578
0.000200758
0.000199874
0.000199088
0.000198229
0.000197504
0.000196694
0.000196005
0.000195223
0.000194575
0.000193821
0.000193196
0.000192452
0.000191833
0.000191091
0.000190483
0.000189754
0.000189155
0.000188433
0.000187835
0.000187112
0.000186512
0.00018584
0.000185282
0.000184623
0.000184097
0.000183467
0.000182967
0.000182365
0.000181907
0.00018135
0.000180942
0.000180441
0.000180073
0.000179579
0.000179221
0.000178745
0.000178428
0.000178006
0.000177764
0.000177442
0.000177254
0.000176946
0.0001768
0.000176534
0.000176424
0.000176182
0.000176098
0.00017588
0.00017583
0.000175654
0.000175657
0.000175546
0.000175608
0.000175543
0.000175638
0.000175602
0.000175743
0.000175777
0.000176015
0.000176152
0.000176469
0.000176642
0.000176963
0.000177122
0.00017742
0.000177561
0.000177847
0.000177996
0.000178314
0.000178535
0.000178948
0.000179261
0.000179737
0.000180093
0.000180595
0.000180966
0.000181457
0.000181815
0.000182283
0.000182658
0.000183142
0.0001835
0.000183965
0.0001843
0.000184736
0.000185038
0.000185467
0.00018578
0.000186236
0.000186561
0.00018702
0.00018734
0.00018782
0.000188181
0.000188714
0.000189107
0.00018966
0.000190078
0.000190687
0.000191172
0.000191835
0.000192332
0.000192967
0.000193416
0.000194003
0.000194423
0.000195013
0.000195481
0.000196149
0.000196694
0.000197421
0.000197995
0.000198713
0.000199231
0.000199866
0.000200296
0.00020083
0.000201172
0.000201637
0.000201959
0.00020245
0.000202848
0.000203429
0.000203926
0.000204585
0.000205154
0.000205864
0.00020649
0.00020723
0.000207854
0.000208529
0.000209054
0.000209596
0.000209992
0.000210429
0.000210789
0.000211238
0.000211635
0.000212089
0.00021246
0.000212847
0.000213154
0.000213507
0.00021383
0.000214219
0.000214605
0.00021506
0.000215522
0.000216028
0.000216508
0.000216973
0.000217383
0.000217737
0.000218025
0.00021825
0.000218434
0.000218561
0.000218653
0.000218679
0.000218689
0.000218642
0.000218597
0.00021853
0.00021849
0.000218443
0.000218417
0.000218385
0.000218323
0.000218201
0.000218018
0.00021778
0.000217489
0.00021717
0.000216832
0.000216502
0.000216174
0.000215858
0.000215535
0.000215206
0.000214862
0.000214506
0.000214137
0.000213765
0.000213387
0.000213012
0.000212649
0.000212308
0.000211975
0.00021167
0.000211387
0.000211155
0.000210933
0.000210752
0.000210557
0.000210389
0.00021019
0.000210014
0.000209809
0.000209635
0.000209414
0.00020923
0.000208996
0.000208808
0.000208575
0.0002084
0.00020819
0.000208053
0.000207891
0.00020781
0.000207698
0.000207665
0.000207597
0.000207604
0.000207575
0.000207622
0.000207634
0.000207726
0.000207779
0.000207897
0.00020796
0.00020808
0.000208143
0.000208263
0.000208333
0.00020847
0.000208568
0.000208731
0.000208853
0.000209036
0.000209176
0.000209368
0.000209511
0.000209695
0.000209822
0.000209983
0.000210085
0.000210219
0.000210295
0.0002104
0.000210444
0.000210516
0.000210529
0.000210569
0.000210553
0.00021057
0.000210537
0.000210543
0.000210501
0.000210503
0.000210458
0.000210459
0.000210414
0.000210427
0.000210402
0.000210447
0.000210459
0.000210543
0.000210588
0.000210708
0.000210785
0.000210937
0.000211038
0.00021121
0.000211319
0.000211488
0.000211578
0.000211723
0.000211788
0.000211921
0.000211984
0.000212129
0.000212216
0.000212399
0.00021253
0.000212771
0.000212958
0.000213259
0.000213489
0.00021382
0.000214066
0.000214415
0.000214674
0.000215042
0.00021531
0.000215688
0.000215957
0.000216338
0.000216605
0.000216987
0.000217251
0.000217635
0.000217899
0.00021829
0.000218555
0.00021896
0.000219226
0.000219625
0.000219877
0.000220271
0.000220517
0.000220922
0.000221176
0.000221591
0.000221862
0.000222301
0.000222616
0.000223043
0.000223396
0.000223874
0.000224196
0.000224684
0.000225027
0.000225528
0.000225886
0.000226397
0.000226777
0.000227306
0.000227719
0.000228265
0.000228709
0.000229254
0.000229718
0.00023024
0.000230701
0.000231163
0.000231589
0.000231977
0.000232351
0.000232662
0.000232973
0.00023321
0.000233452
0.000233619
0.000233791
0.000233894
0.000234004
0.000234059
0.000234121
0.000234141
0.000234166
0.000234164
0.000234163
0.000234147
0.000234125
0.000234096
0.000234053
0.000234023
0.000233972
0.000233939
0.000233883
0.00023386
0.000233814
0.00023381
0.000233788
0.000233815
0.000233828
0.000233891
0.000233939
0.00023403
0.000234101
0.000234199
0.000234276
0.000234364
0.000234428
0.000234491
0.000234529
0.000234554
0.000234556
0.000234533
0.000234489
0.000234409
0.000234306
0.000234156
0.00023398
0.000233744
0.000233477
0.000233138
0.000232775
0.000232337
0.000231891
0.000231373
0.000230863
0.000230283
0.000229738
0.000229133
0.000228582
0.000227967
0.000227418
0.000226801
0.000226266
0.000225655
0.000225137
0.000224537
0.000224034
0.000223443
0.00022295
0.000222363
0.000221876
0.00022129
0.000220804
0.000220215
0.000219725
0.00021913
0.000218633
0.000218029
0.000217521
0.000216905
0.000216382
0.000215751
0.00021521
0.000214566
0.000214007
0.00021335
0.000212774
0.000212115
0.000211531
0.000210877
0.000210293
0.000209658
0.000209086
0.000208477
0.000207921
0.000207338
0.000206803
0.000206245
0.000205731
0.000205197
0.000204703
0.000204193
0.000203722
0.00020324
0.000202796
0.000202382
0.000201987
0.000201587
0.000201215
0.000200873
0.000200545
0.000200199
0.000199937
0.000199663
0.000199478
0.000199267
0.000199143
0.000198979
0.00019888
0.000198812
0.000198778
0.000198719
0.000198819
0.000198778
0.000198883
0.00019887
0.000199007
0.000199042
0.000199206
0.000199204
0.000199442
0.000199477
0.000199741
0.000199766
0.000199987
0.000199987
0.00020018
0.000200166
0.000200395
0.000200408
0.000200643
0.00020066
0.000200916
0.000200947
0.000201222
0.000201263
0.000201602
0.000201678
0.000202032
0.000202124
0.0002025
0.000202601
0.000203003
0.000203122
0.000203562
0.000203709
0.000204196
0.000204374
0.00020489
0.000205081
0.000205614
0.000205811
0.00020636
0.000206563
0.000207166
0.000207396
0.000208011
0.000208247
0.000208894
0.000209142
0.00020982
0.000210086
0.000210852
0.000211152
0.000211936
0.000212255
0.000213077
0.000213407
0.000214257
0.000214589
0.000215458
0.000215813
0.000216712
0.000217058
0.000217958
0.000218287
0.000219193
0.000219506
0.000220393
0.000220679
0.000221548
0.000221803
0.000222655
0.000222883
0.000223724
0.00022393
0.000224765
0.000224941
0.000225729
0.000225872
0.00022662
0.000226732
0.000227458
0.000227563
0.000228298
0.000228407
0.000229131
0.000229216
0.000229923
0.000229982
0.000230669
0.000230683
0.000231346
0.000231303
0.000231942
0.000231821
0.000232425
0.00023219
0.000232677
0.000232321
0.000232691
0.000232204
0.000232448
0.000231847
0.000231976
0.000231297
0.000231365
0.00023063
0.000230623
0.000229825
0.00022976
0.000228894
0.000228775
0.000227836
0.000227657
0.000226638
0.000226392
0.000225292
0.000224977
0.000223803
0.000223422
0.000222186
0.00022177
0.000220534
0.000220061
0.000218811
0.000218286
0.000217034
0.000216484
0.000215251
