5.80252e-05
5.80252e-05
5.80252e-05
5.80252e-05
5.80252e-05
5.80252e-05
5.80252e-05
5.80252e-05
5.80252e-05
5.80252e-05
5.80252e-05
5.80252e-05
5.80252e-05
5.80252e-05
5.80252e-05
5.80252e-05
5.80252e-05
5.80252e-05
5.80252e-05
5.80252e-05
5.80252e-05
5.80252e-05
5.80252e-05
5.80252e-05
5.80252e-05
5.80252e-05
5.80252e-05
5.80252e-05
5.80252e-05
5.80252e-05
5.80252e-05
5.80252e-05
5.80252e-05
5.80252e-05
5.80252e-05
5.80252e-05
5.80252e-05
5.80252e-05
5.80252e-05
5.80252e-05
5.80252e-05
5.80252e-05
5.80252e-05
5.80252e-05
5.80252e-05
5.80252e-05
5.80252e-05
5.80252e-05
5.80252e-05
5.80252e-05
5.80252e-05
5.80252e-05
5.80252e-05
5.80252e-05
5.80252e-05
5.80252e-05
5.80252e-05
5.80252e-05
5.80252e-05
5.80252e-05
5.80252e-05
5.80252e-05
5.80252e-05
5.80252e-05
5.80252e-05
5.80252e-05
5.80252e-05
5.80252e-05
5.80252e-05
5.80252e-05
5.80252e-05
5.80252e-05
5.80252e-05
5.80252e-05
5.80252e-05
5.80252e-05
5.80252e-05
5.80252e-05
5.80252e-05
5.80252e-05
5.80252e-05
5.80252e-05
5.80252e-05
5.80252e-05
5.80252e-05
5.80252e-05
5.80252e-05
5.80252e-05
5.80252e-05
5.80252e-05
5.80252e-05
5.80252e-05
5.80252e-05
5.80252e-05
5.80252e-05
5.80252e-05
5.80252e-05
5.80252e-05
5.80252e-05
5.80252e-05
5.80252e-05
5.80252e-05
5.80252e-05
5.80252e-05
5.80252e-05
5.80252e-05
5.80252e-05
5.80252e-05
5.80252e-05
5.80252e-05
5.80252e-05
5.80252e-05
5.80252e-05
5.80252e-05
5.80252e-05
5.80252e-05
5.80252e-05
5.80252e-05
5.80252e-05
5.80252e-05
5.80252e-05
5.80252e-05
5.80252e-05
5.80252e-05
5.80252e-05
5.80252e-05
5.80252e-05
5.80252e-05
5.80252e-05
5.80252e-05
5.80252e-05
5.80252e-05
5.80252e-05
5.80252e-05
5.80252e-05
5.80252e-05
5.80252e-05
5.80252e-05
5.80252e-05
5.80252e-05
5.80252e-05
5.80252e-05
5.80252e-05
5.80252e-05
5.80252e-05
5.80252e-05
5.80252e-05
5.80252e-05
5.80252e-05
5.80252e-05
5.80252e-05
5.80252e-05
5.80252e-05
5.80252e-05
5.80252e-05
5.80252e-05
5.80252e-05
5.80252e-05
5.80252e-05
5.80252e-05
5.80252e-05
5.80252e-05
5.80252e-05
5.80252e-05
5.80252e-05
5.80252e-05
5.80252e-05
5.80252e-05
5.80252e-05
5.80252e-05
5.80252e-05
5.80252e-05
5.80252e-05
5.80252e-05
5.80252e-05
5.80252e-05
5.80252e-05
5.80252e-05
5.80252e-05
5.80252e-05
5.80252e-05
5.80252e-05
5.80252e-05
5.80252e-05
5.80252e-05
5.80252e-05
5.80252e-05
5.80252e-05
5.80252e-05
5.80252e-05
5.80252e-05
5.80252e-05
5.80252e-05
5.80252e-05
5.80252e-05
5.80252e-05
5.80252e-05
5.80252e-05
5.80252e-05
5.80252e-05
5.80252e-05
5.80252e-05
5.80252e-05
5.80252e-05
5.80252e-05
5.80252e-05
5.80252e-05
5.80252e-05
5.80252e-05
5.80252e-05
5.80252e-05
5.80252e-05
5.80252e-05
5.80252e-05
5.80252e-05
5.80252e-05
5.80252e-05
5.80252e-05
5.80252e-05
5.80252e-05
5.80252e-05
5.80252e-05
5.80252e-05
5.80252e-05
5.80252e-05
5.80252e-05
5.80252e-05
5.80252e-05
5.80252e-05
5.80252e-05
5.80252e-05
5.80252e-05
5.80252e-05
5.80252e-05
5.80252e-05
5.80252e-05
5.80252e-05
5.80252e-05
5.80252e-05
5.80252e-05
5.80252e-05
5.80252e-05
5.80252e-05
5.80252e-05
5.80252e-05
5.80252e-05
5.80252e-05
5.80252e-05
5.80252e-05
5.80252e-05
5.80252e-05
5.80252e-05
5.80252e-05
5.80252e-05
5.80252e-05
5.80252e-05
5.80252e-05
5.80252e-05
5.80252e-05
5.80252e-05
5.80252e-05
5.80252e-05
5.80252e-05
5.80252e-05
5.80252e-05
5.80252e-05
5.80252e-05
5.80252e-05
5.80252e-05
5.80252e-05
5.80252e-05
5.80252e-05
5.80252e-05
5.80252e-05
5.80252e-05
5.80252e-05
5.80252e-05
5.80252e-05
5.80252e-05
5.80252e-05
5.80252e-05
5.80252e-05
5.80252e-05
5.80252e-05
5.80252e-05
5.80252e-05
5.80252e-05
5.80252e-05
5.80252e-05
5.80252e-05
5.80252e-05
5.80252e-05
5.80252e-05
5.80252e-05
5.80252e-05
5.80252e-05
5.80252e-05
5.80252e-05
5.80252e-05
5.80252e-05
5.80252e-05
5.80252e-05
5.80252e-05
5.80252e-05
5.80252e-05
5.80252e-05
5.80252e-05
5.80252e-05
5.80252e-05
5.80252e-05
5.80252e-05
5.80252e-05
5.80252e-05
5.80252e-05
5.80252e-05
5.80252e-05
5.80252e-05
5.80252e-05
5.80252e-05
5.80252e-05
5.80252e-05
5.80252e-05
5.80252e-05
5.80252e-05
5.80252e-05
5.80252e-05
5.80252e-05
5.80252e-05
5.80252e-05
5.80252e-05
5.80252e-05
5.80252e-05
5.80252e-05
5.80252e-05
5.80252e-05
5.80252e-05
5.80252e-05
5.80252e-05
5.80252e-05
5.80252e-05
5.80252e-05
5.80252e-05
5.80252e-05
5.80252e-05
5.80252e-05
5.80252e-05
5.80252e-05
5.80252e-05
5.80252e-05
5.80252e-05
5.80252e-05
5.80252e-05
5.80252e-05
5.80252e-05
5.80252e-05
5.80252e-05
5.80252e-05
5.80252e-05
5.80252e-05
5.80252e-05
5.80252e-05
5.80252e-05
5.80252e-05
5.80252e-05
5.80252e-05
5.80252e-05
5.80252e-05
5.80252e-05
5.80252e-05
5.80252e-05
5.80252e-05
5.80252e-05
5.80252e-05
5.80252e-05
5.80252e-05
5.80252e-05
5.80252e-05
5.80252e-05
5.80252e-05
5.80252e-05
5.80252e-05
5.80252e-05
5.80252e-05
5.80252e-05
5.80252e-05
5.80252e-05
5.80252e-05
5.80252e-05
5.80252e-05
5.80252e-05
5.80252e-05
5.80252e-05
5.80252e-05
5.80252e-05
5.80252e-05
5.80252e-05
5.80252e-05
5.80252e-05
5.80252e-05
5.80252e-05
5.80252e-05
5.80252e-05
5.80252e-05
5.80252e-05
5.80252e-05
5.80252e-05
5.80252e-05
5.80252e-05
5.80252e-05
5.80252e-05
5.80252e-05
5.80252e-05
5.80252e-05
5.80252e-05
5.80252e-05
5.80252e-05
5.80252e-05
5.80252e-05
5.80252e-05
5.80252e-05
5.80252e-05
5.80252e-05
5.80252e-05
5.80252e-05
5.80252e-05
5.80252e-05
5.80252e-05
5.80252e-05
5.80252e-05
5.80252e-05
5.80252e-05
5.80252e-05
5.80252e-05
5.80252e-05
5.80252e-05
5.80252e-05
5.80252e-05
5.80252e-05
5.80252e-05
5.80252e-05
5.80252e-05
5.80252e-05
5.80252e-05
5.80252e-05
5.80252e-05
5.80252e-05
5.80252e-05
5.80252e-05
5.80252e-05
5.80252e-05
5.80252e-05
5.80252e-05
5.80252e-05
5.80252e-05
5.80252e-05
5.80252e-05
5.80252e-05
5.80252e-05
5.80574e-05
5.80252e-05
5.80872e-05
5.80252e-05
5.80252e-05
5.80252e-05
5.80582e-05
5.80252e-05
5.80252e-05
5.82039e-05
5.80615e-05
5.81511e-05
5.80273e-05
5.82302e-05
5.82875e-05
5.80319e-05
5.80323e-05
5.81509e-05
5.80478e-05
5.80272e-05
5.80325e-05
5.80466e-05
5.81705e-05
5.83346e-05
5.83508e-05
5.81829e-05
5.80966e-05
5.80513e-05
5.80324e-05
5.80252e-05
5.80252e-05
5.80252e-05
5.80252e-05
5.80252e-05
5.80252e-05
5.80252e-05
5.80252e-05
5.80253e-05
5.80253e-05
5.80253e-05
5.80366e-05
5.80364e-05
5.80379e-05
5.80366e-05
5.80277e-05
5.80252e-05
5.80252e-05
5.80252e-05
5.80252e-05
5.80252e-05
5.80378e-05
5.81901e-05
5.8216e-05
5.81651e-05
5.80266e-05
5.80252e-05
5.80439e-05
5.80663e-05
5.8142e-05
5.80369e-05
5.80252e-05
5.80252e-05
5.80252e-05
5.80748e-05
5.81397e-05
5.82024e-05
5.81915e-05
5.8192e-05
5.81438e-05
5.81062e-05
5.81651e-05
5.80838e-05
5.80252e-05
5.80252e-05
5.81452e-05
5.80252e-05
5.80252e-05
5.80257e-05
5.8041e-05
5.80252e-05
5.80252e-05
5.80252e-05
5.80252e-05
5.80264e-05
5.80702e-05
5.81217e-05
5.80564e-05
5.8042e-05
5.80326e-05
5.80252e-05
5.80252e-05
5.80519e-05
5.80556e-05
5.80441e-05
5.8044e-05
5.81777e-05
5.82284e-05
5.81699e-05
5.81192e-05
5.80776e-05
5.80413e-05
5.80252e-05
5.80252e-05
5.80252e-05
5.80579e-05
5.80662e-05
5.81404e-05
5.80319e-05
5.80282e-05
5.80252e-05
5.80266e-05
5.81441e-05
5.81908e-05
5.81709e-05
5.81702e-05
5.81348e-05
5.80266e-05
5.80252e-05
5.80252e-05
5.80252e-05
5.80252e-05
5.80252e-05
5.8027e-05
5.81341e-05
5.82083e-05
5.82664e-05
5.83687e-05
5.82788e-05
5.82994e-05
5.82288e-05
5.82167e-05
5.81735e-05
5.81242e-05
5.81423e-05
5.80307e-05
5.83619e-05
5.80564e-05
5.80575e-05
5.81411e-05
5.80275e-05
5.80252e-05
5.80252e-05
5.80252e-05
5.81014e-05
5.82177e-05
5.81336e-05
5.80357e-05
5.80694e-05
5.80893e-05
5.82828e-05
5.86237e-05
5.87501e-05
5.8903e-05
5.88046e-05
5.88058e-05
5.87373e-05
5.88539e-05
5.86101e-05
5.84769e-05
5.82832e-05
5.81239e-05
5.81684e-05
5.8159e-05
5.80439e-05
5.80252e-05
5.80364e-05
5.80353e-05
5.80252e-05
5.80252e-05
5.80252e-05
5.80252e-05
5.80252e-05
5.80252e-05
5.80252e-05
5.8037e-05
5.80252e-05
5.80252e-05
5.80252e-05
5.80252e-05
5.80576e-05
5.81774e-05
5.83697e-05
5.80886e-05
5.81412e-05
5.81726e-05
5.81347e-05
5.80267e-05
5.81582e-05
5.80252e-05
5.80252e-05
5.80252e-05
5.81624e-05
5.80252e-05
5.80252e-05
5.81533e-05
5.80252e-05
5.80252e-05
5.80252e-05
5.80252e-05
5.80286e-05
5.8207e-05
5.82143e-05
5.824e-05
5.83431e-05
5.83174e-05
5.83491e-05
5.82515e-05
5.82073e-05
5.80451e-05
5.80269e-05
5.80252e-05
5.80252e-05
5.80252e-05
5.80253e-05
5.80252e-05
5.80252e-05
5.80631e-05
5.82018e-05
5.84044e-05
5.81914e-05
5.80252e-05
5.80252e-05
5.81626e-05
5.82304e-05
5.80821e-05
5.80629e-05
5.80271e-05
5.80387e-05
5.80372e-05
5.80258e-05
5.80256e-05
5.80252e-05
5.8064e-05
5.80913e-05
5.80909e-05
5.80654e-05
5.81718e-05
5.80372e-05
5.80589e-05
5.81809e-05
5.81549e-05
5.81236e-05
5.80586e-05
5.80252e-05
5.80252e-05
5.80557e-05
5.80283e-05
5.80252e-05
5.80252e-05
5.80252e-05
5.80858e-05
5.81483e-05
5.82001e-05
5.82004e-05
5.81704e-05
5.8074e-05
5.80261e-05
5.8026e-05
5.81103e-05
5.83039e-05
5.82444e-05
5.84455e-05
5.83014e-05
5.82239e-05
5.80269e-05
5.8041e-05
5.80252e-05
5.80324e-05
5.80252e-05
5.80252e-05
5.80252e-05
5.81586e-05
5.80545e-05
5.81204e-05
5.80423e-05
5.80252e-05
5.80252e-05
5.80252e-05
5.80593e-05
5.81242e-05
5.80602e-05
5.80611e-05
5.8041e-05
5.80252e-05
5.80252e-05
5.80501e-05
5.81626e-05
5.82974e-05
5.84012e-05
5.82228e-05
5.83444e-05
5.8141e-05
5.81667e-05
5.81627e-05
5.80253e-05
5.80252e-05
5.80252e-05
5.80252e-05
5.80252e-05
5.80252e-05
5.80252e-05
5.80252e-05
5.80252e-05
5.80252e-05
5.80252e-05
5.80252e-05
5.80511e-05
5.81565e-05
5.81108e-05
5.80252e-05
5.80252e-05
5.80252e-05
5.80794e-05
5.80627e-05
5.80511e-05
5.80319e-05
5.80253e-05
5.8026e-05
5.80543e-05
5.80571e-05
5.80314e-05
5.80252e-05
5.80431e-05
5.80363e-05
5.8138e-05
5.8319e-05
5.81741e-05
5.80759e-05
5.80252e-05
5.80252e-05
5.81806e-05
5.81887e-05
5.82719e-05
5.8192e-05
5.83511e-05
5.84848e-05
5.90308e-05
5.88775e-05
5.87755e-05
5.86915e-05
5.85537e-05
5.86864e-05
5.84945e-05
5.89321e-05
5.87812e-05
5.86634e-05
5.82271e-05
5.85427e-05
5.81185e-05
5.80259e-05
5.80252e-05
5.80398e-05
5.8029e-05
5.80282e-05
5.80252e-05
5.80252e-05
5.80252e-05
5.80252e-05
5.80252e-05
5.80252e-05
5.80252e-05
5.80252e-05
5.80252e-05
5.80252e-05
5.80252e-05
5.80252e-05
5.80252e-05
5.80252e-05
5.80252e-05
5.80252e-05
5.80252e-05
5.80252e-05
5.80252e-05
5.80252e-05
5.80252e-05
5.80252e-05
5.80252e-05
5.80252e-05
5.80252e-05
5.80252e-05
5.80252e-05
5.80252e-05
5.80252e-05
5.80252e-05
5.80252e-05
5.80252e-05
5.80252e-05
5.80252e-05
5.80252e-05
5.80252e-05
5.80252e-05
5.80252e-05
5.80252e-05
5.80252e-05
5.80252e-05
5.80252e-05
5.80252e-05
5.80252e-05
5.80252e-05
5.80252e-05
5.80252e-05
5.80252e-05
5.80252e-05
5.80252e-05
5.80252e-05
5.80252e-05
5.80252e-05
5.80252e-05
5.80252e-05
5.80252e-05
5.80252e-05
5.80252e-05
5.80252e-05
5.80252e-05
5.80252e-05
5.80252e-05
5.80252e-05
5.80252e-05
5.80252e-05
5.80252e-05
5.80252e-05
5.80252e-05
5.80252e-05
5.80252e-05
5.80252e-05
5.80252e-05
5.80252e-05
5.80252e-05
5.80252e-05
5.80252e-05
5.80252e-05
5.80252e-05
5.80252e-05
5.80252e-05
5.80252e-05
5.80252e-05
5.80252e-05
5.80252e-05
5.80252e-05
5.80252e-05
5.80252e-05
5.80252e-05
5.80252e-05
5.80252e-05
5.80252e-05
5.80252e-05
5.80252e-05
5.80252e-05
5.80252e-05
5.80252e-05
5.80252e-05
5.80252e-05
5.80252e-05
5.80252e-05
5.80252e-05
5.80252e-05
5.80252e-05
5.80252e-05
5.80252e-05
5.80252e-05
5.80252e-05
5.80252e-05
5.80252e-05
5.80252e-05
5.80252e-05
5.80252e-05
5.80252e-05
5.80252e-05
5.80252e-05
5.80252e-05
5.80252e-05
5.80252e-05
5.80252e-05
5.80252e-05
5.80252e-05
5.80252e-05
5.80252e-05
5.80252e-05
5.80252e-05
5.80252e-05
5.80252e-05
5.80252e-05
5.80252e-05
5.80252e-05
5.80252e-05
5.80252e-05
5.80252e-05
5.80252e-05
5.80252e-05
5.80252e-05
5.80252e-05
5.80252e-05
5.80252e-05
5.80252e-05
5.80252e-05
5.80252e-05
5.80252e-05
5.80252e-05
5.80252e-05
5.80252e-05
5.80252e-05
5.80252e-05
5.80252e-05
5.80252e-05
5.80252e-05
5.80252e-05
5.80252e-05
5.80252e-05
5.80252e-05
5.80252e-05
5.80252e-05
5.80252e-05
5.80252e-05
5.80252e-05
5.80252e-05
5.80252e-05
5.80252e-05
5.80252e-05
5.80252e-05
5.80252e-05
5.80252e-05
5.80252e-05
5.80252e-05
5.80252e-05
5.80252e-05
5.80252e-05
5.80252e-05
5.80252e-05
5.80252e-05
5.80252e-05
5.80252e-05
5.80252e-05
5.80252e-05
5.80252e-05
5.80252e-05
5.80252e-05
5.80252e-05
5.80252e-05
5.80252e-05
5.80252e-05
5.80252e-05
5.80252e-05
5.80252e-05
5.80252e-05
5.80252e-05
5.80252e-05
5.80252e-05
5.80252e-05
5.80252e-05
5.80252e-05
5.80252e-05
5.80252e-05
5.80252e-05
5.80252e-05
5.80252e-05
5.80252e-05
5.80252e-05
5.80252e-05
5.80252e-05
5.80252e-05
5.80252e-05
5.80252e-05
5.80252e-05
5.80252e-05
5.80252e-05
5.80252e-05
5.80252e-05
5.80252e-05
5.80252e-05
5.80252e-05
5.80252e-05
5.80252e-05
5.80252e-05
5.80252e-05
5.80252e-05
5.80252e-05
5.80252e-05
5.80252e-05
5.80252e-05
5.80252e-05
5.80252e-05
5.80252e-05
5.80252e-05
5.80252e-05
5.80252e-05
5.80252e-05
5.80252e-05
5.80252e-05
5.80252e-05
5.80252e-05
5.80252e-05
5.80252e-05
5.80252e-05
5.80252e-05
5.80252e-05
5.80252e-05
5.80252e-05
5.80252e-05
5.80252e-05
5.80252e-05
5.80252e-05
5.80252e-05
5.80252e-05
5.80252e-05
5.80252e-05
5.80252e-05
5.80252e-05
5.80252e-05
5.80252e-05
5.80252e-05
5.80252e-05
5.80252e-05
5.80252e-05
5.80252e-05
5.80252e-05
5.80252e-05
5.80252e-05
5.80252e-05
5.80252e-05
5.80252e-05
5.80252e-05
5.80252e-05
5.80252e-05
5.80252e-05
5.80252e-05
5.80252e-05
5.80252e-05
5.80252e-05
5.80252e-05
5.80252e-05
5.80252e-05
5.80252e-05
5.80252e-05
5.80252e-05
5.80252e-05
5.80252e-05
5.80252e-05
5.80252e-05
5.80252e-05
5.80252e-05
5.80252e-05
5.80252e-05
5.80252e-05
5.80252e-05
5.80252e-05
5.80252e-05
5.80252e-05
5.80252e-05
5.80252e-05
5.80252e-05
5.80252e-05
5.80252e-05
5.80252e-05
5.80252e-05
5.80252e-05
5.80252e-05
5.80252e-05
5.80252e-05
5.80252e-05
5.80252e-05
5.80252e-05
5.80252e-05
5.80252e-05
5.80252e-05
5.80252e-05
5.80252e-05
5.80252e-05
5.80252e-05
5.80252e-05
5.80252e-05
5.80252e-05
5.80252e-05
5.80252e-05
5.80252e-05
5.80252e-05
5.80252e-05
5.80252e-05
5.80252e-05
5.80252e-05
5.80304e-05
5.80252e-05
5.80299e-05
5.80252e-05
5.80252e-05
5.80252e-05
5.80252e-05
5.80252e-05
5.80252e-05
5.80252e-05
5.80252e-05
5.80252e-05
5.80252e-05
5.80252e-05
5.80252e-05
5.80252e-05
5.80252e-05
5.80252e-05
5.80252e-05
5.80252e-05
5.80252e-05
5.80252e-05
5.80252e-05
5.80252e-05
5.80252e-05
5.80252e-05
5.80252e-05
5.80252e-05
5.80252e-05
5.80252e-05
5.80252e-05
5.80252e-05
5.80252e-05
5.80252e-05
5.80252e-05
5.80252e-05
5.80252e-05
5.80252e-05
5.80252e-05
5.80252e-05
5.80252e-05
5.80252e-05
5.80252e-05
5.80252e-05
5.80252e-05
5.80252e-05
5.80252e-05
5.80252e-05
5.80252e-05
5.80252e-05
5.80252e-05
5.80429e-05
5.80544e-05
5.80366e-05
5.80271e-05
5.80275e-05
5.81233e-05
5.81179e-05
5.80252e-05
5.80252e-05
5.80252e-05
5.80252e-05
