0.000338332
0.000340589
0.000337734
0.000341089
0.000337225
0.000341115
0.000338071
0.000340648
0.000338595
0.000340926
0.000338072
0.000341275
0.000337684
0.000341482
0.000338621
0.000341383
0.000337783
0.000341798
0.000337855
0.000341496
0.000339732
0.000340909
0.000340454
0.000340854
0.000339604
0.000342204
0.000337635
0.000342354
0.000338363
0.000342211
0.000339355
0.000341819
0.000339587
0.000342468
0.000338822
0.000342927
0.000338511
0.000343088
0.00033876
0.000342915
0.000340651
0.000342147
0.000341041
0.000343083
0.000341049
0.000343174
0.000340143
0.000343878
0.000339362
0.000343965
0.000340102
0.000343806
0.000341002
0.000343717
0.000341723
0.000343888
0.000340945
0.000344646
0.000340282
0.000344786
0.00034057
0.000344733
0.000341392
0.000344462
0.000342958
0.000344188
0.00034214
0.000345487
0.000340869
0.000345545
0.000341689
0.000345143
0.000342996
0.00034487
0.000342951
0.000345627
0.000341826
0.000346223
0.000341808
0.000345925
0.000342829
0.000345773
0.000343671
0.000345591
0.000343167
0.000346504
0.000342602
0.000346417
0.000342874
0.000346419
0.000343317
0.000346259
0.000343966
0.000346285
0.000343401
0.000346978
0.000342728
0.000346908
0.000343722
0.00034635
0.000344518
0.000346578
0.000343671
0.000347115
0.000343552
0.000347123
0.000342846
0.000347199
0.000343452
0.000346714
0.000344721
0.000346584
0.000344127
0.00034729
0.000343885
0.000347296
0.000342947
0.000347476
0.000342674
0.000347081
0.000345273
0.000345804
0.000344826
0.000347346
0.000342675
0.000347461
0.000342738
0.00034729
0.000342823
0.000346941
0.000344187
0.000346285
0.000343986
0.000347168
0.000342662
0.000347148
0.000342553
0.000346999
0.000342893
0.000346563
0.000343528
0.000346455
0.000343035
0.000346697
0.000343008
0.000346348
0.000343055
0.000346413
0.000342571
0.000346332
0.000342435
0.000346308
0.000342875
0.000345675
0.00034314
0.000345933
0.000342358
0.000345982
0.000341861
0.000346003
0.000341674
0.000345683
0.000342717
0.000344984
0.000342919
0.000345222
0.000341989
0.000345428
0.000341514
0.000345227
0.000341483
0.000344978
0.000342274
0.000344418
0.000341926
0.000344894
0.000340809
0.000344851
0.000341009
0.000344401
0.000341746
0.000343958
0.000341646
0.000344134
0.000340583
0.000344413
0.000340274
0.000343967
0.000340805
0.000343671
0.000341306
0.000343194
0.000340643
0.000343961
0.000339385
0.000343796
0.000339884
0.000343288
0.000340226
0.000343108
0.000340779
0.000339875
0.000337372
0.000336286
0.000334119
0.00033268
0.000330785
0.0003293
0.000327528
0.000326036
0.000324334
0.000322927
0.000321314
0.000319973
0.00031843
0.000317127
0.000315608
0.000314324
0.000312842
0.000311602
0.000310146
0.000308923
0.000307471
0.00030625
0.000304789
0.000303565
0.000302091
0.000300863
0.000299376
0.000298145
0.000296645
0.000295411
0.0002939
0.000292665
0.000291144
0.000289909
0.00028838
0.000287145
0.000285611
0.000284376
0.000282838
0.000281603
0.000280063
0.000278838
0.000277308
0.000276103
0.000274607
0.000273424
0.000271958
0.000270798
0.000269356
0.000268209
0.00026683
0.000265671
0.000264307
0.000263155
0.000261799
0.00026068
0.000259301
0.000258191
0.000256852
0.000255719
0.000254417
0.000253274
0.000251976
0.000250845
0.00024956
0.000248435
0.000247163
0.000246053
0.000244804
0.000243703
0.000242474
0.000241385
0.000240177
0.000239101
0.00023792
0.000236866
0.000235726
0.000234704
0.000233594
0.000232601
0.000231526
0.000230558
0.000229513
0.000228568
0.000227553
0.000226629
0.00022564
0.000224736
0.000223772
0.000222889
0.000221951
0.000221101
0.000220201
0.000219371
0.000218503
0.0002177
0.000216863
0.000216097
0.000215311
0.000214561
0.00021379
0.000213071
0.000212338
0.000211645
0.000210959
0.000210297
0.000209649
0.000209026
0.000208409
0.000207813
0.000207225
0.000206653
0.000206098
0.000205544
0.000205012
0.000204485
0.00020398
0.000203482
0.000203005
0.000202554
0.000202114
0.000201684
0.000201292
0.000200894
0.000200517
0.000200141
0.000199781
0.000199419
0.000199073
0.000198722
0.000198391
0.000198054
0.000197763
0.000197456
0.000197182
0.000196895
0.00019665
0.000196385
0.000196166
0.000195922
0.000195751
0.000195575
0.000195407
0.000195256
0.000195111
0.000194977
0.000194861
0.000194754
0.000194689
0.000194574
0.000194542
0.000194447
0.000194425
0.000194353
0.000194311
0.000194312
0.000194306
0.000194306
0.000194349
0.000194364
0.000194414
0.000194444
0.000194501
0.000194558
0.000194635
0.000194697
0.000194778
0.000194847
0.000194949
0.000195041
0.000195154
0.000195257
0.000195385
0.000195501
0.000195645
0.000195786
0.000195956
0.00019611
0.000196301
0.000196467
0.000196674
0.00019685
0.000197069
0.000197277
0.000197491
0.000197706
0.000197925
0.000198139
0.000198357
0.000198576
0.000198822
0.000199055
0.000199304
0.000199541
0.000199796
0.000200036
0.000200294
0.000200536
0.000200805
0.000201054
0.000201323
0.000201571
0.000201842
0.000202088
0.000202357
0.0002026
0.000202869
0.000203109
0.000203376
0.000203611
0.000203876
0.000204136
0.000204451
0.000204719
0.000205025
0.000205297
0.000205609
0.000205902
0.000206233
0.00020653
0.000206889
0.000207179
0.00020757
0.000207881
0.000208274
0.000208587
0.000208987
0.00020932
0.000209702
0.000210089
0.000210515
0.000210864
0.000211302
0.000211668
0.00021212
0.000212489
0.000212944
0.000213368
0.000213855
0.00021425
0.000214791
0.000215208
0.000215727
0.000216137
0.00021666
0.000217078
0.000217592
0.000217989
0.000218504
0.000218894
0.000219439
0.000219893
0.00022054
0.000221
0.000221628
0.000222082
0.000222741
0.000223208
0.000223911
0.000224429
0.000225157
0.000225709
0.00022646
0.000226975
0.000227711
0.000228207
0.000228877
0.000229372
0.000230154
0.000230721
0.000231537
0.000232131
0.000232971
0.000233559
0.000234408
0.000234991
0.000235835
0.00023643
0.000237313
0.000237885
0.000238785
0.000239385
0.000240312
0.000240902
0.000241814
0.000242383
0.000243271
0.000243815
0.000244701
0.000245295
0.000246196
0.000246792
0.00024768
0.000248376
0.00024932
0.000249962
0.000250899
0.000251547
0.000252476
0.000253184
0.000254159
0.000254863
0.000255842
0.00025655
0.000257506
0.000258256
0.000259231
0.00025995
0.000260905
0.00026161
0.000262539
0.00026322
0.000264116
0.000264767
0.000265622
0.000266261
0.000267077
0.000267646
0.00026845
0.000269034
0.000269832
0.000270375
0.000271106
0.000271631
0.000272336
0.000272797
0.000273441
0.00027389
0.00027449
0.00027485
0.000275394
0.000275701
0.000276191
0.00027643
0.00027685
0.00027701
0.000277363
0.000277458
0.000277747
0.000277759
0.000277971
0.00027788
0.000277965
0.000277849
0.00027794
0.000277715
0.000277673
0.000277358
0.000277223
0.000276823
0.000276587
0.000276086
0.000275724
0.000275113
0.00027463
0.000273909
0.000273293
0.000272451
0.000271852
0.000270973
0.000270347
0.000269441
0.000268734
0.000267809
0.000267081
0.00026606
0.000265188
0.000264136
0.00026318
0.000261993
0.000260933
0.000259686
0.000258539
0.000257333
0.000256196
0.000254922
0.000253734
0.000252446
0.000251217
0.000249848
0.000248599
0.000247192
0.000245881
0.00024441
0.00024305
0.000241515
0.000240103
0.000238601
0.000237206
0.000235665
0.000234267
0.000232743
0.000231416
0.000229947
0.000228634
0.000227205
0.000225936
0.000224554
0.000223336
0.00022201
0.000220845
0.000219609
0.000218509
0.000217312
0.000216266
0.000215133
0.000214147
0.000213078
0.000212149
0.00021112
0.000210256
0.000209254
0.000208403
0.000207449
0.000206634
0.000205709
0.000204913
0.000204008
0.000203231
0.00020234
0.000201575
0.000200683
0.00019991
0.000198994
0.00019821
0.000197323
0.00019658
0.000195716
0.000195012
0.000194216
0.00019356
0.000192775
0.000192138
0.000191389
0.000190794
0.000190091
0.000189538
0.000188871
0.00018834
0.000187692
0.000187182
0.000186565
0.000186092
0.000185519
0.000185089
0.00018455
0.000184151
0.000183647
0.000183294
0.000182838
0.000182527
0.000182099
0.000181816
0.000181425
0.000181187
0.000180831
0.000180618
0.00018029
0.000180118
0.000179843
0.000179735
0.000179523
0.000179479
0.000179316
0.000179337
0.000179215
0.000179253
0.000179141
0.000179194
0.000179098
0.000179177
0.00017911
0.000179222
0.000179178
0.000179304
0.000179268
0.000179416
0.000179407
0.000179611
0.000179689
0.00017997
0.000180067
0.000180355
0.000180445
0.000180722
0.000180826
0.000181133
0.000181266
0.000181633
0.000181827
0.000182257
0.000182503
0.000182968
0.000183219
0.000183671
0.000183882
0.000184283
0.000184438
0.000184799
0.000184941
0.000185338
0.000185549
0.000186063
0.000186372
0.000186948
0.000187273
0.000187847
0.000188158
0.000188719
0.000189026
0.000189592
0.00018991
0.00019049
0.000190825
0.000191432
0.00019181
0.000192476
0.000192914
0.000193632
0.000194061
0.000194727
0.000195094
0.000195712
0.000196044
0.000196662
0.000196983
0.00019759
0.000197895
0.000198523
0.00019893
0.000199607
0.000200093
0.000200827
0.000201284
0.000201993
0.000202419
0.000203076
0.000203449
0.000204068
0.000204429
0.000205061
0.000205443
0.000206112
0.00020656
0.000207325
0.000207852
0.000208654
0.000209168
0.000209951
0.000210466
0.000211291
0.000211846
0.000212699
0.000213239
0.000214071
0.000214578
0.000215407
0.000215895
0.000216685
0.00021711
0.000217841
0.000218225
0.000218948
0.000219347
0.00022011
0.000220529
0.000221299
0.00022169
0.000222414
0.000222722
0.000223345
0.000223545
0.000224079
0.000224213
0.000224693
0.000224768
0.000225168
0.000225158
0.000225465
0.000225371
0.000225582
0.000225392
0.000225492
0.0002252
0.00022519
0.000224803
0.000224693
0.000224219
0.00022402
0.000223474
0.000223198
0.000222599
0.000222272
0.000221637
0.000221275
0.000220627
0.000220274
0.00021965
0.000219295
0.000218604
0.000218202
0.000217476
0.000217018
0.000216254
0.000215759
0.000214982
0.000214478
0.000213714
0.000213226
0.000212516
0.000212105
0.000211491
0.000211144
0.000210594
0.000210319
0.000209871
0.00020969
0.000209345
0.000209249
0.000208974
0.000208904
0.000208616
0.000208492
0.000208155
0.000207986
0.000207624
0.000207439
0.000207084
0.000206913
0.000206588
0.00020645
0.000206167
0.000206065
0.000205823
0.00020576
0.000205564
0.000205546
0.000205394
0.000205408
0.000205283
0.000205315
0.000205207
0.000205252
0.000205159
0.000205215
0.000205135
0.0002052
0.000205133
0.000205211
0.000205161
0.000205255
0.000205229
0.00020535
0.000205364
0.000205531
0.000205586
0.00020578
0.000205854
0.000206045
0.000206112
0.000206291
0.000206349
0.000206511
0.00020655
0.000206691
0.000206721
0.000206872
0.000206938
0.000207144
0.00020727
0.000207541
0.000207716
0.000208013
0.000208189
0.000208469
0.000208617
0.000208864
0.000208978
0.000209197
0.000209291
0.000209502
0.000209591
0.000209801
0.000209884
0.000210086
0.000210156
0.000210348
0.00021041
0.000210603
0.000210669
0.000210875
0.000210954
0.000211177
0.000211273
0.000211517
0.00021163
0.000211896
0.000212028
0.000212317
0.000212469
0.000212782
0.000212958
0.000213304
0.000213511
0.000213893
0.000214129
0.000214541
0.000214802
0.000215243
0.000215531
0.000216004
0.00021632
0.000216829
0.000217176
0.000217726
0.000218107
0.000218702
0.000219108
0.000219728
0.000220151
0.000220801
0.000221246
0.000221941
0.000222416
0.000223171
0.000223674
0.000224488
0.000225
0.000225855
0.000226338
0.00022719
0.000227614
0.000228436
0.00022879
0.000229568
0.000229855
0.00023058
0.000230804
0.000231469
0.000231635
0.000232237
0.000232349
0.000232892
0.000232956
0.000233447
0.000233469
0.000233913
0.000233896
0.000234297
0.000234242
0.000234605
0.000234516
0.00023485
0.000234737
0.000235044
0.000234915
0.000235208
0.000235072
0.000235363
0.000235232
0.000235532
0.000235414
0.000235729
0.000235629
0.000235956
0.000235868
0.0002362
0.000236118
0.00023645
0.000236373
0.000236696
0.000236616
0.000236921
0.000236829
0.000237107
0.000236989
0.000237224
0.000237065
0.000237234
0.000237003
0.000237087
0.000236766
0.000236746
0.000236329
0.000236213
0.000235723
0.000235512
0.000234954
0.000234666
0.00023405
0.000233704
0.000233042
0.000232653
0.000231957
0.000231545
0.000230839
0.000230416
0.000229702
0.000229272
0.000228549
0.000228113
0.000227377
0.000226944
0.000226221
0.000225797
0.000225085
0.00022467
0.000223968
0.000223561
0.000222866
0.000222466
0.000221776
0.00022138
0.00022069
0.000220295
0.000219599
0.000219197
0.00021849
0.000218076
0.00021735
0.000216918
0.000216176
0.000215732
0.000214985
0.000214532
0.000213786
0.000213325
0.000212582
0.00021212
0.000211395
0.000210934
0.000210225
0.000209767
0.000209075
0.000208625
0.000207952
0.000207515
0.00020688
0.000206475
0.000205864
0.000205479
0.000204893
0.000204522
0.000204012
0.000203637
0.000203105
0.000202772
0.000202214
0.000201978
0.00020164
0.000201499
0.000201179
0.000201053
0.000200748
0.000200676
0.00020041
0.000200323
0.00020014
0.000200106
0.000199974
0.000199972
0.000199836
0.000199816
0.0001997
0.000199694
0.000199563
0.000199577
0.000199453
0.000199488
0.00019939
0.000199435
0.00019936
0.000199411
0.000199352
0.000199406
0.000199358
0.000199416
0.000199378
0.000199442
0.000199415
0.00019949
0.000199477
0.000199564
0.000199567
0.000199673
0.0001997
0.000199836
0.000199899
0.000200078
0.000200189
0.000200407
0.000200548
0.000200789
0.000200975
0.00020125
0.000201464
0.000201772
0.000202037
0.000202386
0.000202702
0.000203089
0.000203454
0.000203873
0.000204266
0.000204687
0.000205104
0.000205542
0.000206046
0.000206529
0.000207025
0.000207512
0.000208075
0.000208599
0.000209143
0.000209667
0.000210194
0.000210742
0.000211299
0.00021186
0.000212387
0.000212953
0.000213459
0.00021403
0.000214542
0.000215144
0.000215643
0.000216243
0.00021675
0.000217355
0.000217835
0.000218442
0.000218922
0.000219529
0.000219984
0.000220566
0.000220984
0.000221537
0.000221923
0.000222458
0.000222827
0.000223355
0.000223718
0.000224237
0.000224603
0.000225137
0.000225494
0.000226008
0.000226337
0.000226818
0.000227108
0.000227552
0.000227795
0.000228188
0.00022838
0.000228722
0.000228849
0.000229141
0.000229204
0.000229412
0.00022937
0.000229487
0.000229366
0.000229421
0.000229211
0.000229205
0.000228915
0.000228876
0.000228501
0.000228425
0.000227963
0.000227869
0.00022733
0.000227212
0.000226606
0.000226461
0.000225807
0.00022561
0.000224898
0.000224644
0.000223867
0.000223549
0.000222706
0.000222321
0.00022143
0.000221009
0.000220089
0.000219628
0.000218683
0.000218186
0.000217292
0.000216736
0.000215876
0.000215438
0.000214594
0.000214212
0.000213448
0.000213086
