0.000256328
0.000256328
0.000256328
0.000256327
0.000256327
0.000256327
0.000256327
0.000256327
0.000256326
0.000256326
0.000256326
0.000256325
0.000256325
0.000256324
0.000256324
0.000256324
0.000256323
0.000256322
0.000256322
0.000256321
0.000256321
0.00025632
0.000256319
0.000256318
0.000256318
0.000256317
0.000256316
0.000256316
0.000256315
0.000256314
0.000256314
0.000256313
0.000256312
0.000256311
0.00025631
0.000256309
0.000256309
0.000256308
0.000256307
0.000256306
0.000256305
0.000256304
0.000256303
0.000256302
0.000256301
0.0002563
0.000256298
0.000256297
0.000256296
0.000256295
0.000256294
0.000256293
0.000256292
0.00025629
0.000256289
0.000256288
0.000256286
0.000256285
0.000256284
0.000256283
0.000256281
0.00025628
0.000256278
0.000256277
0.000256276
0.000256274
0.000256273
0.000256272
0.000256271
0.00025627
0.000256269
0.000256268
0.000256267
0.000256265
0.000256264
0.000256263
0.000256262
0.000256261
0.00025626
0.000256259
0.000256258
0.000256257
0.000256256
0.000256255
0.000256254
0.000256253
0.000256252
0.000256251
0.00025625
0.000256248
0.000256247
0.000256246
0.000256245
0.000256244
0.000256243
0.000256242
0.000256241
0.00025624
0.000256239
0.000256238
0.000256237
0.000256237
0.000256236
0.000256235
0.000256234
0.000256233
0.000256232
0.000256231
0.00025623
0.000256229
0.000256229
0.000256228
0.000256227
0.000256226
0.000256225
0.000256224
0.000256224
0.000256223
0.000256222
0.000256221
0.000256221
0.00025622
0.000256219
0.000256219
0.000256218
0.000256217
0.000256217
0.000256216
0.000256215
0.000256215
0.000256214
0.000256214
0.000256213
0.000256213
0.000256212
0.000256212
0.000256211
0.000256211
0.00025621
0.00025621
0.00025621
0.000256209
0.000256209
0.000256209
0.000256208
0.000256208
0.000256208
0.000256207
0.000256207
0.000256207
0.000256207
0.000256207
0.000256207
0.000256206
0.000256206
0.000256206
0.000256206
0.000256206
0.000256206
0.000256206
0.000256206
0.000256206
0.000256206
0.000256207
0.000256207
0.000256207
0.000256207
0.000256207
0.000256207
0.000256207
0.000256208
0.000256208
0.000256208
0.000256208
0.000256209
0.000256209
0.000256209
0.00025621
0.00025621
0.00025621
0.000256211
0.000256211
0.000256211
0.000256212
0.000256212
0.000256213
0.000256213
0.000256214
0.000256214
0.000256214
0.000256215
0.000256215
0.000256216
0.000256217
0.000256217
0.000256218
0.000256218
0.000256219
0.000256219
0.00025622
0.000255667
0.000254469
0.000253127
0.000251932
0.000250875
0.000249851
0.000248835
0.000247831
0.000246816
0.000245811
0.00024482
0.000243838
0.000242853
0.000241859
0.000240852
0.00023983
0.000238791
0.000237735
0.00023667
0.000235602
0.000234532
0.000233459
0.000232384
0.000231308
0.000230231
0.000229153
0.000228075
0.000226997
0.000225921
0.000224845
0.000223771
0.000222699
0.00022163
0.000220564
0.000219501
0.000218443
0.000217389
0.000216341
0.000215298
0.000214261
0.000213231
0.000212211
0.0002112
0.000210197
0.000209202
0.000208216
0.000207239
0.000206272
0.00020532
0.000204383
0.000203456
0.000202542
0.000201641
0.000200753
0.000199879
0.000199019
0.000198174
0.000197342
0.000196526
0.000195724
0.000194937
0.000194166
0.000193409
0.000192668
0.000191942
0.000191232
0.000190539
0.000189863
0.000189203
0.000188561
0.000187936
0.000187329
0.000186738
0.000186163
0.000185605
0.000185063
0.000184536
0.000184024
0.000183527
0.000183046
0.000182578
0.000182125
0.000181695
0.000181293
0.00018091
0.000180541
0.000180187
0.000179847
0.000179521
0.000179209
0.000178908
0.00017862
0.000178343
0.000178076
0.000177819
0.000177573
0.000177337
0.00017711
0.000176893
0.000176684
0.000176484
0.000176292
0.000176109
0.000175934
0.000175766
0.000175607
0.000175454
0.000175312
0.00017518
0.000175052
0.000174932
0.000174817
0.000174708
0.000174605
0.000174507
0.000174413
0.000174325
0.00017424
0.00017416
0.000174084
0.000174012
0.000173943
0.000173883
0.000173829
0.000173776
0.000173726
0.00017368
0.000173636
0.000173595
0.000173555
0.000173516
0.000173477
0.000173437
0.000173396
0.000173357
0.000173319
0.000173279
0.00017324
0.000173202
0.000173166
0.000173131
0.000173099
0.000173069
0.000173041
0.000173019
0.000173007
0.000172996
0.000172987
0.000172983
0.000172981
0.000172983
0.000172988
0.000172999
0.000173022
0.000173051
0.000173083
0.000173121
0.000173169
0.000173227
0.00017329
0.00017336
0.000173437
0.000173522
0.000173614
0.000173719
0.000173834
0.000173953
0.000174079
0.000174211
0.000174354
0.000174509
0.00017467
0.000174837
0.00017501
0.000175188
0.000175376
0.000175571
0.00017577
0.000175975
0.000176185
0.0001764
0.00017662
0.00017685
0.000177088
0.00017733
0.000177578
0.000177832
0.000178092
0.000178358
0.00017863
0.000178907
0.00017919
0.00017948
0.000179778
0.000180079
0.000180386
0.000180702
0.000181029
0.000181368
0.000181713
0.000182062
0.000182415
0.000182774
0.000183136
0.000183502
0.00018387
0.000184242
0.000184618
0.000185013
0.000185417
0.000185825
0.000186238
0.000186656
0.000187078
0.0001875
0.000187924
0.00018835
0.000188784
0.000189221
0.00018966
0.000190101
0.000190543
0.000190987
0.000191452
0.00019193
0.0001924
0.000192874
0.000193347
0.000193831
0.000194329
0.000194841
0.00019538
0.000195922
0.000196467
0.000197012
0.000197559
0.000198108
0.00019867
0.000199239
0.000199821
0.000200419
0.00020101
0.000201603
0.000202207
0.00020282
0.00020343
0.000204049
0.000204666
0.000205279
0.00020588
0.000206468
0.000207045
0.000207629
0.000208213
0.000208793
0.000209371
0.000209945
0.000210507
0.000211049
0.000211563
0.00021205
0.000212514
0.00021296
0.000213395
0.000213843
0.000214303
0.000214767
0.000215237
0.000215702
0.000216162
0.000216613
0.000217048
0.000217472
0.000217882
0.000218281
0.000218666
0.000219057
0.000219451
0.000219825
0.000220174
0.000220508
0.00022083
0.000221139
0.000221437
0.000221725
0.000222
0.00022226
0.000222514
0.000222776
0.000223059
0.000223367
0.000223705
0.000224064
0.000224429
0.000224797
0.000225164
0.000225529
0.00022589
0.000226245
0.000226598
0.000226949
0.000227294
0.000227633
0.000227969
0.000228303
0.000228633
0.000228958
0.000229279
0.000229593
0.000229896
0.00023019
0.000230475
0.000230767
0.000231064
0.000231361
0.000231658
0.000231956
0.000232255
0.000232556
0.000232853
0.000233139
0.000233417
0.000233685
0.000233943
0.000234199
0.000234456
0.000234721
0.000234993
0.000235272
0.000235554
0.000235837
0.00023612
0.000236401
0.000236681
0.00023695
0.000237205
0.000237446
0.000237682
0.000237909
0.000238121
0.000238322
0.000238516
0.000238707
0.000238901
0.000239102
0.000239306
0.000239509
0.000239705
0.000239887
0.000240051
0.000240198
0.000240336
0.000240474
0.000240613
0.000240749
0.000240884
0.000241017
0.000241146
0.000241266
0.000241374
0.000241471
0.000241548
0.000241599
0.00024163
0.000241648
0.000241653
0.000241644
0.000241627
0.000241605
0.000241578
0.000241546
0.000241511
0.000241471
0.000241424
0.000241363
0.000241286
0.000241194
0.000241088
0.000240966
0.000240838
0.000240708
0.00024058
0.00024045
0.000240311
0.000240159
0.000239992
0.000239808
0.000239608
0.000239391
0.000239159
0.000238912
0.00023866
0.000238407
0.000238152
0.000237902
0.000237651
0.000237407
0.000237154
0.000236872
0.000236566
0.000236234
0.000235872
0.000235486
0.000235076
0.000234647
0.000234204
0.000233752
0.000233297
0.00023284
0.000232384
0.000231936
0.000231488
0.000231043
0.000230593
0.000230141
0.000229687
0.000229234
0.000228792
0.000228345
0.000227878
0.000227373
0.000226809
0.000226132
0.000225361
0.000224564
0.000223772
0.000222981
0.000222191
0.000221403
0.000220619
0.000219843
0.000219069
0.000218303
0.000217546
0.000216799
0.00021606
0.000215333
0.000214614
0.000213905
0.000213203
0.000212512
0.000211829
0.000211157
0.000210494
0.000209842
0.000209206
0.000208582
0.000207964
0.000207353
0.000206751
0.000206159
0.000205578
0.000205014
0.000204464
0.00020393
0.000203412
0.000202906
0.000202419
0.000201947
0.000201487
0.000201038
0.000200601
0.000200175
0.000199762
0.000199361
0.000198973
0.000198598
0.00019824
0.0001979
0.000197574
0.000197262
0.000196964
0.000196681
0.000196412
0.000196159
0.00019592
0.000195696
0.000195484
0.000195286
0.0001951
0.000194926
0.000194762
0.000194609
0.000194465
0.00019433
0.00019421
0.000194104
0.000194018
0.000193947
0.000193882
0.000193827
0.000193781
0.000193743
0.000193713
0.000193693
0.000193682
0.000193682
0.000193693
0.000193718
0.000193755
0.000193801
0.000193854
0.000193915
0.000193985
0.000194064
0.000194152
0.000194252
0.000194364
0.000194487
0.000194633
0.000194797
0.000194968
0.00019515
0.000195345
0.00019555
0.000195764
0.000195987
0.000196219
0.000196458
0.000196705
0.000196959
0.000197218
0.000197483
0.000197751
0.000198022
0.000198293
0.000198565
0.000198835
0.000199103
0.000199368
0.000199631
0.000199888
0.000200142
0.000200391
0.000200637
0.000200878
0.000201115
0.000201358
0.000201605
0.000201847
0.000202088
0.00020233
0.000202572
0.000202815
0.000203056
0.000203294
0.000203528
0.000203759
0.000203996
0.000204239
0.000204483
0.00020473
0.000204981
0.000205233
0.000205485
0.000205735
0.000205981
0.000206217
0.000206439
0.000206649
0.000206843
0.000207024
0.000207206
0.000207388
0.000207569
0.000207753
0.000207934
0.000208109
0.000208273
0.000208425
0.000208566
0.000208702
0.000208836
0.00020897
0.000209104
0.000209237
0.00020937
0.000209503
0.000209637
0.000209772
0.000209909
0.000210051
0.000210195
0.00021034
0.000210481
0.000210613
0.000210733
0.000210845
0.000210952
0.000211059
0.000211166
0.000211275
0.000211388
0.000211506
0.000211636
0.000211778
0.000211932
0.000212102
0.000212283
0.000212468
0.000212656
0.000212838
0.000213008
0.000213155
0.000213272
0.000213367
0.000213447
0.000213515
0.000213574
0.000213615
0.00021363
0.000213618
0.000213578
0.000213522
0.000213445
0.000213343
0.000213215
0.000213066
0.000212902
0.000212731
0.000212556
0.000212376
0.000212193
0.000212008
0.000211822
0.000211633
0.000211444
0.000211256
0.000211066
0.000210873
0.000210674
0.000210465
0.000210241
0.000209991
0.000209707
0.000209374
0.000208992
0.000208539
0.000208016
0.000207487
0.000206981
0.000206468
0.00020595
0.000205427
0.000204899
0.000204364
0.000203828
0.000203289
0.000202751
0.000202225
0.000201726
0.000201248
0.000200788
0.000200352
0.000199937
0.000199544
0.00019917
0.000198818
0.000198483
0.000198168
0.000197867
0.000197581
0.000197309
0.00019705
0.000196805
0.000196572
0.000196351
0.000196142
0.000195941
0.000195748
0.000195563
0.000195389
0.000195225
0.000195067
0.000194917
0.000194773
0.000194636
0.000194506
0.000194383
0.000194268
0.00019416
0.00019406
0.000193965
0.000193877
0.000193795
0.000193718
0.000193649
0.000193586
0.000193531
0.000193484
0.000193448
0.000193422
0.000193409
0.000193407
0.00019342
0.000193449
0.000193493
0.00019355
0.000193622
0.000193707
0.000193805
0.000193917
0.000194041
0.000194179
0.000194329
0.000194493
0.00019467
0.000194861
0.000195066
0.000195285
0.000195518
0.000195765
0.000196024
0.000196295
0.000196578
0.000196872
0.000197176
0.00019749
0.000197814
0.000198146
0.000198486
0.000198833
0.000199187
0.000199548
0.000199917
0.000200292
0.000200673
0.000201061
0.000201454
0.000201853
0.000202257
0.000202666
0.000203081
0.0002035
0.000203924
0.000204352
0.000204785
0.00020522
0.000205659
0.0002061
0.000206543
0.000206987
0.000207432
0.000207878
0.000208325
0.000208773
0.000209223
0.000209674
0.000210131
0.000210592
0.000211053
0.000211517
0.000211981
0.000212447
0.000212913
0.00021338
0.000213847
0.000214315
0.000214784
0.000215252
0.00021572
0.000216185
0.000216649
0.000217112
0.000217577
0.000218043
0.000218515
0.00021899
0.000219473
0.00021996
0.000220453
0.000220948
0.000221444
0.000221937
0.000222428
0.000222917
0.000223406
0.000223891
0.000224377
0.000224857
0.000225334
0.000225805
0.00022627
0.000226726
0.000227173
0.000227607
0.000228033
0.000228445
0.00022884
0.000229216
0.000229574
0.000229908
0.00023022
0.000230503
0.000230757
0.000230977
0.000231167
0.000231323
0.000231446
0.000231535
0.000231593
0.000231619
0.000231616
0.000231583
0.000231522
0.000231436
0.000231327
0.000231196
0.000231045
0.000230874
0.000230683
0.000230472
0.000230242
0.000229994
0.000229728
0.000229442
0.000229138
0.000228819
0.000228485
0.000228139
0.000227779
0.000227413
0.000227046
0.000226671
0.000226285
0.000225896
0.000225498
0.000225098
0.00022469
0.00022428
0.000223863
0.000223443
0.000223017
0.000222588
0.00022216
0.000221735
0.000221306
0.000220874
0.00022044
0.000220004
0.000219566
0.000219136
0.000218712
0.000218294
0.000217881
0.000217468
0.000217055
0.000216644
0.000216232
0.000215821
0.000215404
0.000214991
0.000214579
0.000214174
0.000213776
0.000213375
0.000212973
0.000212574
0.000212174
0.000211776
0.000211397
0.000211032
0.000210667
0.000210304
0.000209944
0.000209588
0.000209232
0.000208874
0.000208514
0.00020816
0.000207809
0.000207454
0.000207093
0.000206728
0.000206357
0.000205983
0.000205614
0.000205248
0.000204882
0.000204518
0.000204156
0.000203798
0.000203443
0.000203094
0.00020275
0.00020241
0.000202075
0.000201745
0.00020142
0.0002011
0.000200786
0.000200476
0.000200174
0.000199878
0.000199593
0.000199318
0.000199053
0.000198798
0.000198553
0.000198317
0.000198097
0.000197909
0.000197707
0.000197528
0.000197361
0.000197207
0.000197063
0.000196929
0.000196814
0.000196715
0.000196628
0.000196554
0.000196493
0.000196444
0.000196411
0.000196393
0.000196392
0.00019641
0.000196449
0.00019651
0.000196595
0.000196707
0.00019684
0.000197001
0.000197184
0.000197392
0.000197621
0.000197868
0.000198132
0.000198413
0.000198711
0.00019902
0.000199346
0.000199688
0.000200042
0.000200408
0.000200782
0.000201161
0.000201546
0.000201937
0.000202338
0.000202745
0.000203162
0.000203586
0.000204017
0.000204455
0.0002049
0.000205342
0.000205785
0.000206223
0.00020666
0.000207095
0.00020753
0.000207968
0.000208411
0.000208861
0.000209319
0.000209782
0.000210247
0.000210704
0.00021115
0.000211574
0.000211972
0.000212341
0.000212684
0.000212993
0.000213279
0.000213542
0.000213788
0.000214015
0.00021423
0.000214428
0.000214613
0.000214779
0.000214933
0.000215066
0.000215189
0.000215287
0.000215377
0.000215458
0.000215505
0.000215633
0.000215661
0.000215747
0.000215733
0.000215748
0.000215669
0.000215612
0.000215474
0.000215342
0.000215136
0.000214926
0.000214672
0.000214392
0.000214096
0.000213763
0.000213412
0.000213075
0.0002127
