51310.2
51310.1
51310
51310
51310.2
51310.3
51310.3
51310.6
51310.7
51310.9
51311.1
51311.2
51311.3
51271.2
51271.2
51271.2
51271.3
51271.3
51271.3
51271.3
51271.3
51271.4
51271.5
51271.5
51271.5
51271.7
51271.7
51271.7
51271.9
51272
51272
51272.2
51272.3
51272.5
51272.7
51272.9
51273.1
51273.3
51273.6
51307.6
51270.6
51270.7
51270.7
51270.7
51270.8
51270.8
51270.9
51271
51271
51271
51265.9
51265.9
51266
51266
51266
51266.1
51266.1
51266.1
51266.2
51266.3
51266.3
51266.4
51266.5
51266.6
51266.7
51266.9
51266.9
51267.1
51267.2
51289.3
51292.2
51292.2
51292.3
51292.3
51292.3
51292.3
51292.3
51292.3
51292.3
51292.3
51292.3
51292.3
51292.3
51292.3
51292.3
51292.3
51292.3
51292.3
51292.3
51292.4
51292.3
51292.4
51292.4
51292.4
51292.5
51292.5
51292.5
51292.6
51292.6
51292.6
51292.6
51292.6
51292.6
51292.7
51292.7
51292.7
51291.8
51290.2
51501
52469.7
52978
53820.9
54743.3
55603.1
56019.2
57117.2
58985.7
60193.9
60919.5
61547.8
62123.5
62802
64434.4
65757.7
65966.2
67011.6
68079.9
68587.4
70656.5
71724.5
71847.7
72857.1
73553.6
73864.6
74463.3
74567.1
75720.2
76095.7
76145.1
76196.4
76434.3
76442.7
76899.6
77153.3
78140.7
78829.3
78801.3
79180.4
79156.6
79143.3
79407.2
79408.1
79355.5
79865.5
79837.1
79875.7
79859.2
79824.5
79818.2
79808.5
79808.5
79790.5
79777.1
79848.8
79993.1
80061.4
80061.8
80041.8
79997.7
80098.1
80045.4
80020.4
80205.5
80053.4
80060.5
80070.2
80086.3
80226.5
80385.2
80613.7
80529.4
80593.1
81168.1
81068.1
80938.9
81069.4
81086.7
81155.3
81160.6
81228.1
81188.7
81157.6
81225
81305.1
81469.7
81607
82242.2
82781.1
82768.2
82992.5
83230.5
83389.1
83730.3
83869.8
84172.5
84444.5
84424.3
84479.1
84727.3
84779.8
84981
85013.6
85167.2
85362.4
85396.7
85751.6
86640.4
86685.8
87301.4
87787.3
87973.3
88011.4
88114.4
88162
88213.1
88404.4
88703.2
88922.4
89034.1
89372.8
89416.9
89445.4
89535.2
89473.3
89502.5
89716.8
89752.8
89959.2
89972.4
90073
90085
90097.8
90250.1
90238.1
90265.9
90287.2
90393.6
90559.5
90700.7
90719.4
90758.2
90787.7
90989.3
91064.7
91062.8
91089.4
91183.2
91215.4
91377.9
91556.8
91581.9
91537.8
91547.7
91618.9
91652.6
91635.3
91684.3
91682.4
91701.8
91724.8
91750
91803
91828.3
91860.7
91888.2
91900.1
91887
91876.9
91814.3
91745
91688.6
91638.2
91614.2
91582
91535.6
91413.9
91403
91403.8
91318.8
91346.7
91281.7
91235.3
91172.2
91129.2
91111.5
91079.9
91042.3
91047.6
91021.2
91015.1
91013.1
91000.1
90990.9
90981.2
90971.2
90961.1
91013.7
91010.6
91004.7
91006.6
91003
91005.8
91002.9
91004.3
91044
91090.4
91141.6
91220.1
91215.3
91237.8
91248.3
91268.7
91281.1
91281
91270.4
91276.6
91273.8
91284.7
91288.6
91308.1
91310.5
91321.3
91320
91538
91522.6
91535.7
91536.1
91546.5
91581.9
92115
92064.7
92109.4
92155.6
92221.7
92275.9
92351.2
92412.5
92421.6
92586.1
92589.2
92583.7
92766.7
92760.5
92761.6
92754.3
92754.6
92746.5
92740.1
92733.3
92735.1
92728.9
92731.5
92726.6
92728
92723.4
92726.6
92724.1
92724.9
92722.9
92725.6
92723.9
92725.9
92724.4
92729.3
92716.9
92710.6
92700.5
92701.7
92705.7
92707
92709.7
92711.6
92714.8
92716.4
92604.9
92609.6
92604.6
92605.7
92607.5
92608.2
92610.1
92610.2
92612.2
92612.7
92615.8
92673.5
92677.7
92680.9
92686.9
92691.7
92767.6
92723.3
92732.5
92739
92690.6
92690.4
92702.7
92712.4
92733.7
92751.8
92774.3
92790.7
92901.8
92826
92821.1
92842.4
92860.2
92883
92868.1
92786.9
92808.2
92829.6
92852.1
92872
92928
92961.3
92980.8
93007.4
93034.7
93062.7
93091.8
93186.8
93234
93591.8
93638.7
93688.5
93740.4
93786
93839.5
93894.8
93981
94104.3
94127.7
94145
94162.7
94179.4
94196.9
94213.8
94231.1
94247.7
94264.3
94277.9
94291
94303.5
94315.7
94327.5
94339.5
94351.1
94331.5
94343.1
94354.4
94365.8
94377.2
94389.3
94401.7
94414.2
94427
94440
94453.1
94466.4
94480.2
94494.6
94509.7
94525.5
94542.1
94616.8
94650.8
94672.2
94696
94718.6
94749.4
94781.4
94815
94849.6
94892.1
94928.8
94966.3
95004.3
95042.8
95064.1
95087.2
95115.3
95132.7
95160.2
95170.1
95197.6
95225
95252
95307.8
95357.4
95403.5
