50866.6
50866.4
50866.1
50865.9
50865.6
50865.4
50865.1
50864.9
50864.7
50864.5
50864.4
50864.3
50864.3
50864.2
50864.2
50864
50864
50864
50864.1
50864.1
50864.2
50864.2
50864.4
50864.5
50864.8
50864.9
50865.3
50865.5
50865.9
50866.2
50832.4
50832.4
50832.5
50832.5
50832.6
50832.7
50832.9
50833
50833.2
50860
50835.2
50835.2
50835.2
50835.2
50835.3
50835.3
50835.5
50835.5
50835.6
50835.7
50835.9
50835.9
50836.1
50836.2
50841.5
50841.5
50841.5
50841.5
50841.5
50841.5
50841.5
50846
50846.1
50846
50846
50846
50846
50846
50846
50846
50845.9
50845.9
50845.9
50845.9
50845.9
50845.9
50845.9
50845.9
50845.9
50845.9
50845.9
50845.9
50845.9
50845.9
50845.9
50845.8
50845.8
50845.8
50845.8
50845.8
50845.8
50845.8
50845.9
50845.9
50845.9
50970.7
50970.7
50970.8
50970.8
50970.8
50970.8
50970.8
50970.8
50970.8
50970.9
50970.9
50970.9
51119.9
51244.1
51243
51328.2
51575.8
51705.9
52159.1
52157.1
52294.2
52292.1
52290
52287.8
52443.5
52523.1
52792.9
53428.2
53715.8
54808.1
55309.6
55304.6
55861.4
55857.4
56001
56289.4
56481.5
56630.4
56814.5
56947.1
56942
57315.4
57373.8
57867.3
57999
58166.6
58159.1
58280.6
58364
58592
58584.3
58575.7
58567.3
58728.2
58755.8
58758.7
58742.3
58733.6
58724.3
58765.8
58748.7
58952.7
58984.4
58975
58970.4
59156.3
59427.1
59407.8
59629.7
59618.3
59590.5
59580.2
59569.4
59558.6
59739.7
59823.4
59889.7
59847.2
59838.2
59796.1
59786.1
59841.4
59830.8
59764.7
60005.1
59963.9
59953.2
59942.7
59996.9
59986.6
59975.3
60021.8
60010.3
59999.7
59988.8
59978.8
59969
60230.4
60222.2
60215
60207.2
60267.5
60250
60244.3
60238.3
60233.1
60227.9
60223
60218.4
60214.2
60210.8
60207.8
60204.9
60202.3
60281.2
60249.3
60320.8
60319.5
60318.5
60317.4
60316.6
60315.8
60315.2
60254.1
60253.7
60253.4
60364
60363.7
60363.5
60338.2
60338.1
60338.1
60338
60338
60338
60337.9
60337.9
60337.8
60330.3
60330.2
60330.1
60329.9
60329.8
60329.6
60329.4
60329.2
60329
60328.7
60328.4
60328.1
60327.9
60327.5
60327.2
60326.9
60326.6
60326.4
60326.1
60325.9
60325.6
60325.4
60325.1
60324.9
60324.8
60324.6
60324.4
60324.2
60324
60323.6
60323.3
60561.7
60561.4
60561.1
60560.8
60560.5
60560.1
60559.8
60559.4
60559.1
60558.8
60558.5
60558.2
60557.9
60557.6
60557.3
60557
60556.8
60556.6
60556.3
60556.1
60556
60556
60555.9
60555.8
60555.8
60555.7
60529
60528.9
60528.9
60529.2
60529.2
60529.2
60529.1
60529.2
60529.2
60529.1
60529.1
60532
60530.4
60530.3
60530.3
60530.3
60530.3
60530.3
60530.2
60530.2
60525.2
60524.7
60523.8
60523.8
60523.8
60523.8
60523.7
60523.7
60523.7
60523.7
60523.7
60523.6
60525
60525
60524.9
60524.9
60459.7
60712.3
60712.3
60712.2
60712.2
60712.2
60712.2
60712.1
60712.1
60718.6
60718.6
60718.6
60723.1
60723.1
60723
60723
60723.3
60723.3
60723.2
60723.2
60723.2
60723.2
60723.2
60723.2
60723.2
60723.2
60745.8
60745.7
60745.8
60745.7
60745.7
60745.7
60745.7
60745.7
60745.7
60745.7
60745.7
60745.7
60745.7
60745.7
60745.7
60745.7
60745.6
60733.2
60730.8
60730.8
60730.8
60730.8
60730.8
60729.9
60719.4
60719.4
60719.4
60719.4
60719.4
60719.4
60719.4
60719.4
60719.4
60719.4
60719.4
60719.3
60719.3
60719.3
60719.3
60772.9
60941.6
60960.8
60960.8
60960.8
60960.7
60960.7
60960.7
60960.7
60960.6
60960.6
60960.6
60960.5
60960.5
60960.5
60960.4
60960.4
61121.7
61121.7
61121.7
61121.6
61121.6
61121.5
61121.5
61121.4
61121.4
61121.4
61121.3
61121.3
61121.3
61121.2
61121.2
61121.2
61121.2
61121.1
61121.1
61121.1
61121
61121
61157.8
61151.8
61151.7
61151.7
61151.7
61151.7
61151.7
61151.6
61151.6
61151.6
61151.6
61151.6
61151.5
61151.5
61151.5
61151.5
61151.5
61202
61202
61202
61202
61202
61202
61202
61202
61202
61202
61201.9
61201.9
61201.9
61201.9
61201.9
61201.9
61201.9
61201.9
61201.9
61201.9
61201.9
61201.9
61201.9
61201.9
61201.9
61201.9
61201.9
61201.9
61201.9
61201.9
61201.9
61201.9
61201.9
61201.9
61201.9
61201.9
61201.9
61201.9
61201.9
61201.9
61201.9
61201.9
61201.9
61201.9
61201.9
61201.9
61201.9
61201.8
61201.8
61201.8
61201.8
61201.8
61201.8
61201.8
