50718.6
50718.4
50718.3
50718.2
50718.1
50718
50718
50717.9
50717.8
50717.8
50717.7
50717.8
50717.8
50717.7
50717.7
50717.8
50717.6
50717.7
50717.8
50717.7
50720.9
50722.3
50720
50719.7
50719.6
50734.8
50726.5
50722.4
50720.2
50720.3
50719.5
50719.4
50723.4
50720.8
50720.6
50720.4
50722.1
50720.3
50719.9
50719.8
50719.7
50719.7
50719.6
50719.6
50719.6
50719.5
50719.5
50719.6
50719.6
50719.7
50719.7
50719.1
50718.6
50718.8
50718.7
50719
50719.1
50719.2
50707.8
50712.8
50715.4
50715.7
50716
50740
50728.9
50723.4
50720.7
50720.5
50720.3
50720.1
50720
50719.8
50719.7
50719.6
50719.6
50719.5
50719.5
50719.5
50719.4
50719.5
50719.5
50719.5
50719.5
50719.5
50719.4
50719.5
50719.5
50719.5
50719.5
50719.4
50719.4
50719.4
50719.4
50719.4
50719.4
50719.4
50719.4
50719.4
50719.4
50719.4
50719.4
50719.4
50719.4
50719.4
50718.6
50717
50715.7
50714.2
50713.7
50710.9
50710.5
50709.4
50707.1
50705.8
50704.6
50797.4
50749.9
50725.3
50712.5
50703.9
50699.9
50696.9
50694.4
50693.7
50690.5
50690.3
50689.5
50689.7
50689.3
50689.2
50689.3
50688.5
50687.6
50686.9
50686.6
50686.1
50686.5
50685
50685.1
50682.7
50682.3
50681.6
50682.5
50681.1
50680
50677.7
50675.4
50670.8
50591.9
50636
50758.7
50716.1
50765.5
50716.1
50690.7
50615.6
50642.6
50657.8
50665.8
50664.7
50663.4
50660.1
50662
50662.1
50657.2
50646.1
50642.4
50688
50673.2
50663.8
50664.5
50663.4
50666.5
50666.8
50668.8
50668.8
50671.5
50748.2
50715.8
50700.8
50696.7
50698.5
50693
50692.1
50692.3
50691.7
50614.3
50653.5
50595.7
50643
50667
50679.2
50685.5
50688.3
50690
50691.4
50693.9
50697.7
50699.3
50698.5
50673
50684.8
50766
50728.7
50706.9
50694
50690
50697.9
50695.3
50691.5
50690.5
50690.7
50692.2
50694
50695.8
50698.1
50699.9
50701.1
50703.8
50705.8
50843
50775.1
50742.2
50727.5
50720.6
50718.7
50717.2
50685
50700.2
50707.9
50710.8
50711.3
50613.1
50663.1
50687.9
50688.2
50700
50753.4
50770
50740
50695.4
50718.2
50711.9
50706.8
50697.6
50705.1
50704.5
50704.2
50704.1
50703.5
50697.3
50700
50720.3
50698.2
50698.7
50754.7
50727.4
50711.5
50701.9
50709.5
50696.5
50689.1
50749.8
50827.9
50754.1
50721.2
50788.8
50698.8
50680.7
50649.4
50670
50674.5
50678.6
50718.9
50708.8
50638.3
50670.4
50687.5
50697.7
50703.2
50705.2
50705.3
50705.4
50686.7
50695.9
50700.2
50703.5
50705.6
50706.9
50707.5
50707.8
50707.5
50708.7
50708.5
50709
50709.1
50708.1
50706.5
50704.6
50660.7
50681.1
50690.1
50693.5
50696.2
50696.5
50697.1
50695.1
50693.8
50605.2
50648.5
50671.8
50682.9
50689.4
50692.7
50668.5
50683.1
50691.2
50695.9
50699.1
50701.7
50703.5
50705.3
50680.4
50694.4
50701.5
50705
50724.6
50717.7
50759
50734.6
50722.7
50718.3
50715.2
50712.4
50710.9
50826
50769.1
50740.7
50726.6
50719.8
50717.3
50715
50712.9
50711.9
50711.5
50711.8
50712
50712.2
50712.1
50712.1
50711.9
50711.7
50711.6
50711.5
50711.3
50711
50710.9
50710.7
50710.7
50710.2
50710.2
50710.2
50710.5
50710.5
50709.9
50709.5
50709
50708.8
50708.6
50690.8
50700.1
50704.6
50706.5
50738.7
50723.3
50716.3
50708.7
50661.8
50683.4
50694.3
50701
50703.4
50704.2
50742.4
50726.3
50718.5
50714
50679.7
50708
50748.8
50811.5
50807.1
50754.8
50764.7
50734
50723
50703.1
50711.6
50694.3
50730.3
50511.3
50624.4
50693.5
50699.2
50702.7
50705
50692.4
50695.6
50649.6
50699.1
50707.1
50711.1
50713.1
50713.6
50713.9
50714
50714.3
50714.3
50714.4
50714.3
50714.3
50714
50714.1
50713.8
50713.9
50713.8
50714
50713.8
50713.9
50713.8
50784
50749.7
50732.6
50723.7
50720.1
50718.4
50717.1
50715.6
50714.4
50713.5
50713.3
50713.2
50713.1
50713
50713.1
50713.2
50713.4
50713.5
50727.3
50721.7
50720
50719.2
50718.6
50718
50717.5
50717.1
50716.7
50716.3
50716
50715.7
50715.4
50715.2
50715.1
50717.4
50717
50716.5
50716
50715.5
50715.1
50714.7
50714.5
50714.4
50714.3
50714.3
50714.4
50714.5
50714.6
50714.6
50714.6
50714.5
50714.4
50714.2
50714
50713.8
50713.6
50713.6
50713.5
50713.5
50713.4
50713.3
50713.3
50713.2
50713.2
50713.2
50713.1
50713.1
50713
50713
50817
50765.9
50740.3
