50866.6
50866.4
50866.2
50866
50865.8
50865.5
50865.3
50865.1
50864.9
50864.8
50864.7
50864.6
50864.7
50864.6
50864.6
50864.5
50864.7
50864.7
50864.8
50864.7
50864.7
50864.8
50864.9
50864.8
50865.1
50865.1
50864.9
50865
50865.1
50864.8
50822.8
50843.7
50854.1
50859.4
50861.9
50862.3
50862.6
50862.8
50862.8
50862.9
50862.9
50863
50863
50863.1
50863.2
50863.3
50863.4
50863.5
50863.6
50865
50865
50865
50864.9
50864.9
50864.9
50864.9
50864.9
50864.9
50864.9
50864.9
50864.9
50864.9
50864.9
50865
50865
50865
50865
50865.1
50865.1
50865.1
50865.2
50865.2
50865.3
50865.3
50865.4
50865.5
50865.5
50865.6
50865.6
50865.7
50865.8
50865.9
50866
50854.5
50859.7
50862.2
50862.5
50862.6
50862.7
50862.8
50862.9
50863
50863
50863
50863.1
50863.1
50863.1
50863.2
50863.2
50863.3
50863.4
50863.4
50863.4
50862.9
50862.1
50861.5
50860.5
50860.4
50860.3
50860.2
50860
50859.9
50859.6
50859.4
50859
50858.7
50858.1
50857.9
50857.3
50857
50856.9
50857
50857.1
50852.6
50855.2
50856.6
50857.1
50858.3
50858.5
50858.8
50859.6
50859.9
50860.2
50860.3
50860.2
50860.2
50860
50877.3
50869.4
50865.8
50863.8
50862.3
50860.9
50860.4
50860.2
50860
50860.1
50859.6
50860.9
50860.8
50860.8
50860.6
50860.5
50860.8
50860.8
50861.2
50861.1
50860.9
50860.9
50860.8
50861.2
50861.2
50861.1
50861.1
50861.1
50861
50860.8
50860.8
50860.5
50860.7
50861
50861
50860.6
50860.9
50860.9
50861
50860.9
50861.5
50861.4
50861.7
50861.6
50861.5
50861.3
50861.2
50861.1
50861.1
50861.2
50861.1
50861
50860.8
50861
50860.9
50860.9
50860.8
50860.8
50860.5
50860.4
50860.4
50860.3
50860.2
50860.5
50860.6
50860.5
50860.4
50860.3
50860.2
50860.1
50860.9
50861.1
50861.1
50861.2
50861.1
50861.2
50861.2
50861.2
50861.3
50861.2
50861.2
50861.1
50861.5
50861.6
50861.9
50861.9
50861.8
50862.1
50862.4
50862.5
50862.6
50862.5
50862.5
50862.4
50862.4
50862.2
50862
50861.8
50861.6
50861.4
50861.3
50861.2
50861.1
50861.1
50861
50860.9
50861.1
50861.1
50861.2
50861.2
50861.6
50809.3
50836.3
50849.8
50856.6
50859.7
50965.7
50914.3
50888.6
50875.7
50869.2
50866.5
50865.3
50864.2
50791
50826.4
50844.1
50853
50857.3
50859.2
50859.7
50859.9
50859.7
50859.6
50859.6
50859.6
50859.8
50860.3
50860.6
50860.6
50860.6
50860.5
50860.5
50861
50861.3
50861.5
50861.6
50861.7
50861.8
50861.8
50861.8
50861.8
50861.8
50861.9
50861.8
50861.8
50861.7
50861.8
50861.8
50861.9
50861.9
50861.9
50861.8
50861.8
50861.9
50861.9
50862
50862
50862.1
50862
50862
50862.1
50862.1
50862.1
50862.1
50862
50861.9
50862
50862.1
50862.2
50862.2
50862.3
50862.3
50862.4
50862.4
50862.4
50862.4
50862.5
50862.5
50862.6
50862.6
50862.6
50862.7
50862.7
50862.7
50862.8
50862.8
50862.8
50862.8
50862.9
50862.9
50862.9
50862.9
50862.9
50863
50750.5
50807.5
50836.1
50850.3
50857.5
50860.4
50861.4
50861.9
50862.3
50862.5
50862.7
50862.8
50862.9
50863
50863.1
50863.1
50863.2
50863.2
50863.2
50863.2
50863.2
50863.1
50863.2
50863.2
50773
50774.7
50819.8
50842.2
50853.5
50859.1
50860.9
50861.7
50862.1
50862.4
50862.6
50862.7
50862.8
50862.9
50863
50863.1
50863.1
50863.1
50863.2
50863.3
50863.3
50863.4
50863.4
50863.4
50863.4
50863.5
50863.5
50863.5
50863.5
50863.5
50863.5
50863.5
50863.5
50863.5
50863.5
50863.5
50863.5
50863.5
50863.5
50863.5
50863.5
50863.5
50863.5
50863.6
50863.5
50863.6
50863.6
50863.6
50863.7
50863.7
50863.7
50863.7
50863.7
50863.7
50863.7
50841.9
50853.2
50858.9
50860.7
50861.5
50862.1
50862.4
50862.6
50862.8
50862.9
50863
50862.9
50863
50863.1
50863.1
50863.1
50863.2
50877.2
50758.3
50819.7
50812.1
50838.4
50838.6
50851.7
50858.2
50860.7
50861.6
50862.1
50862.4
50862.5
50862.7
50862.9
50863
50863
50863.1
50863.1
50842.1
50853.4
50859
50860.8
50861.7
50862.2
50862.5
50862.6
50862.8
50862.9
50863
50863
50863.1
50863.1
50863.2
50863.2
50863.3
50863.3
50863.3
50863.4
50863.4
50863.4
50863.5
50863.5
50863.5
50863.5
50863.6
50863.6
50863.6
50863.6
50863.7
50863.7
50863.7
50863.7
50863.7
50867.3
50867
50866.8
50866.7
50866.5
50866.4
50866.3
50866.2
50866.2
