51310.2
51310.1
51309.9
51309.8
51309.7
51309.7
51309.6
51309.6
51309.6
51309.5
51309.5
51309.5
51309.5
51309.6
51309.6
51309.6
51309.7
51309.7
51309.7
51309.8
51309.9
51310
51310.1
51310.1
51310.3
51310.4
51310.6
51310.9
51311.2
51311.4
51311.7
51312.1
51312.5
51312.9
51313.4
51313.7
51314.3
51280.7
51280.9
51273.6
51273.6
51273.5
51273.5
51273.5
51273.5
51273.5
51273.5
51273.4
51273.4
51273.5
51273.4
51273.5
51273.5
51273.5
51273.5
51273.5
51273.5
51273.5
51273.5
51273.5
51273.5
51273.5
51273.5
51273.5
51273.5
51273.5
51273.5
51273.5
51273.5
51273.5
51273.5
51273.5
51273.5
51273.6
51273.6
51273.6
51273.6
51273.6
51273.6
51273.7
51273.7
51273.7
51273.8
51273.8
51273.8
51273.9
51273.9
51273.9
51273.9
51273.9
51273.9
51274
51274
51274
51274.1
51274.1
51274.1
51274.1
51274.2
51274.2
51274.3
51274.3
51274.3
51274.3
51274.4
51274.4
51273.8
51272.2
51269.7
51267.1
51263.6
51260.3
51256.6
51252.6
51248.1
51243.6
51238.2
51232.7
51226.5
51219.9
51212.4
51203.2
51194.4
51182
51169.7
51155.9
51143.6
51128.5
51093
51078.1
51063
51047.1
51031.9
51015.6
50999.7
50982.9
50965.8
50948.5
50931.2
50914.2
50823.7
50806
50787.1
50768.1
50746.3
50721.6
50695.6
50610.9
50613.4
50585.6
50464.6
50442
50417.6
50392.8
50363.8
50321.1
50293.1
50263.6
50231.5
50190.9
50161.9
50138.1
50109.8
50007.1
49973.3
49944.5
49913.9
49883.3
49850.7
49817
49777.7
49742.7
49708.2
49713
49772.5
49765.5
49736.5
49712.8
49695
49675.7
49574.5
49559.9
49547.5
49532.2
49517.5
49508.4
49500.3
49493
49486.6
49479
49471.8
49464.2
49459.9
49459.6
49454.3
49446.2
49438.9
49433.1
49426.7
49418.6
49409.9
49399
49372.7
49361.4
49237
49164.2
49148.2
49132.8
49118.3
49103.6
49089.3
49074.8
49060.8
49049.8
49038.3
49026.5
49010.8
48997.8
48986.3
49006.7
48999.4
48992.7
48988.2
48934.3
48933.3
48930.9
48969.5
48965.9
48962.3
48958.4
48954.3
48949.7
48909.6
48906.9
48904.1
48900.1
48909.7
48905.8
48901.5
48900
48898.7
48897.4
48864.2
48860.2
48853.8
48870.5
48788.4
48773.5
48770.7
48757.6
48754.6
48776.3
48773.1
48768.6
48743.1
48713
48725.3
48741
48789.4
48775.6
48782.5
48815.8
48857.1
48838.6
48828.4
48720.9
48697.3
48625.4
48567.1
48562.9
48565.8
48572.3
48591.9
48588.3
48582.9
48549.8
48518.8
48513.4
48508.7
48504.7
48501.6
48498.1
48520.8
48518.5
48466
48463.8
48505.7
48535.6
48534.1
48532.9
48499.7
48498.5
48496.9
48495.5
48493.1
48490.4
48591.1
48588.2
48585.3
48582
48578.2
48574
48567.6
48560.5
48551.9
48543
48534.1
48525.5
48516.9
48459.5
48448.8
48439.6
48429.9
48420.9
48411.6
48403
48394.4
48386.5
48378.3
48370.8
48363.1
48356.2
48349.4
48342.8
48336.6
48331.3
48326.3
48321.7
48317.7
48182.1
48179.1
48176.4
48174
48171.7
48169.7
48174.1
48172.5
48170.8
48159.2
48157.7
48156.4
48155.3
48154.2
48153.2
48152.5
48151.4
48210.7
48210
48209.4
48208.9
48208.4
48207.8
48207.3
48206.6
48206
48205
48203.9
48202.8
48201.5
48200
48198.2
48196.1
48193.7
48191
48187.9
48184.4
48180.7
48176.6
48172.3
48167.7
48162.8
48157.6
48152.3
48146.6
48141
48135.1
48129.4
48123.5
48117.7
48111.6
48083
48076.8
48071.4
48066
48061.3
48056.7
48052.9
48049.3
48046.6
48043.9
48041.5
48039.1
48036.9
48035
48065
48063.3
48061.9
48046.2
48044.6
48043.1
48041.7
48074.2
48140.5
48139.1
48137.5
48136.1
48134.8
48133.8
48132.8
48131.9
48131.2
48130.6
48130
48129.5
48129
48128.5
48125.2
48124.7
48124.2
48123.6
48123
48122.3
48121.6
48120.7
48119.7
48118.6
48117.4
48116
48114.5
48092.6
48115.8
48103.9
48102.6
48101.2
48099.8
48098.4
48096.8
48095.1
48044.1
48042.4
48040.8
48039.1
48037.5
48036
48034.6
48020.2
48019
48017.8
48016.7
48043.4
48056.3
48055.4
48066.6
48065.7
48074.9
48091
48104.2
48103.4
48103
48102.6
48094.4
48093.9
48102
48101.8
48101.7
48101.5
48101.4
48101.3
48101.2
48101.1
48101
48100.8
48100.6
48100.3
48102.2
48101.7
48101.2
48100.5
48099.8
48098.9
48097.9
48096.8
48095.6
48094.2
48092.7
48091.1
48089.4
48087.6
48085.7
48083.8
48081.7
48079.8
48077.6
48075.7
48073.6
48071.8
48069.7
48068
48066.2
48064.6
48148.9
