50866.6
50866.4
50866
50865.8
50865.5
50865.2
50865
50864.8
50864.7
50864.6
50864.5
50864.4
50864.3
50864.3
50864.3
50864.2
50864.3
50864.2
50864.3
50864.2
50864.3
50864.2
50864.3
50864.3
50864.4
50864.4
50864.6
50864.7
50864.8
50865
50865.2
50865.4
50865.6
50865.9
50866.2
50866.5
50866.7
50867
50867.3
50867.6
50844.1
50844.1
50844.2
50844.3
50844.4
50844.5
50844.6
50844.7
50844.8
50844.9
50845.1
50845.2
50845.4
50845.6
50845.8
50845.9
50846.1
50846.3
50827.8
50827.9
50828
50828.1
50828.3
50840.6
50840.6
50840.6
50840.6
50840.5
50840.5
50840.5
50840.5
50840.5
50840.5
50840.5
50840.5
50840.5
50840.5
50840.5
50840.5
50840.5
50840.5
50840.5
50840.5
50840.5
50840.5
50840.5
50840.5
50840.5
50840.6
50840.6
50840.6
50840.6
50840.6
50840.6
50840.6
50840.6
50840.7
50840.7
50840.7
50840.7
50840.7
50840.7
50840.7
50840.7
50840.7
50840.7
50840.4
50839.7
50838.9
50837.8
50836.5
50834.8
50832.9
50830.6
50828.2
50825.6
50914.9
50911.9
50908.8
50905.5
50902
50898.3
50894.5
50890.4
50886.2
50881.8
50877.1
50872.4
50867.3
50862.2
50856.5
50850.7
50844.5
50838
50831.2
50824.1
50816.8
50809
50800.9
50792.3
50783.7
50773.8
50763
50752.2
50740.4
50728.5
50715.9
50703.2
50690.1
50677.6
50664.2
50651.3
50637.2
50623.4
50608.6
50594.9
50581
50566.6
50552.3
50538.6
50426.4
50413.7
50400.1
50387.5
50374.6
50362.6
50327.2
50247.2
50235.9
50225.8
50208.1
50196.5
50186.6
50175.4
50126.6
50117.1
50107
50096.9
50087.5
50078.1
50068.9
50060.3
50051.7
50043.3
50035.4
50027.5
50020.5
50013.7
50007.8
50001.5
49996.6
49991.5
49987.8
50011.5
50008.7
50005.8
50003.7
50001.3
49999.6
49997.7
49996.6
49995
49994.1
49993
49992.3
49991.3
49990.8
49990.1
49989.6
49989.3
49989
49988.7
49988.6
49988.3
49988.2
49988
49987.9
49987.8
49987.7
49987.6
49987.6
49987.5
49987.5
49987.4
49987.4
49987.3
49987.2
49987.1
49987.1
49987
49986.9
49986.8
49986.7
49986.6
49986.5
49986.4
49986.3
49986.2
49986.1
49986.1
49986
49985.9
49985.8
49985.7
49985.6
49985.4
49985.3
49985.2
49985.1
49984.9
49984.8
49984.7
49984.7
49984.5
49984.4
49984.3
49984.2
49984.2
49984.1
49984
49983.9
49983.8
49983.7
49983.6
49983.6
49983.5
49983.4
49983.3
49983.2
49983.1
49983
49982.9
49982.8
49982.8
49982.7
49982.6
49982.6
49982.4
49982.4
49982.3
49982.3
49982.2
49982.2
49982.1
49982
49982
49982
49982
49981.9
49981.8
49981.7
49981.7
49981.7
49981.7
49981.6
49981.6
49981.5
49981.5
49981.5
49981.5
49981.5
49981.4
49981.3
49981.3
49981.3
49981.3
49981.3
49981.2
49981.1
49981.1
49981.1
49981.1
49981.1
49981.1
49981.1
49981.1
49981.1
49980.9
49980.9
49980.9
49980.9
49980.9
50013.7
50013.7
50013.7
50013.7
50013.7
50013.7
50013.7
50013.6
50013.6
50013.6
50013.6
50013.5
50013.5
50013.5
50013.5
50013.4
50013.4
50013.4
50013.4
50013.4
50013.4
50013.4
50013.4
50013.4
50013.4
50013.3
50013.3
50013.3
50013.3
50013.3
50013.3
50013.3
50013.3
50013.3
50013.3
50013.3
50013.2
50013.2
50013.2
50013.2
50013.2
50013.2
50013.2
50013.2
50013.2
50013.2
50013.1
50013.1
50013.1
50013.1
50013.1
50013.1
50013.1
50013.1
50013.1
50013.1
50013.1
50013.1
50013
50013
50013
50013
50013
50013
50013
50013
50013
50013
50013
50013
50013
50013
50013
50013
50013
50013
50013
50013
50013
50013
50012.9
50013
50013
50013
50013
50013
50013
50013
50013
50013
50013
50013
50013
50013
50013
50013
50013
50013
50013
50013
50013
50013
50013
50013
50013
50013
50013
50013
50012.9
50012.9
50012.9
50012.9
50012.9
50012.9
50012.9
50013
50012.9
50013
50013
50012.9
50012.9
50012.9
50012.9
50012.9
50012.9
50012.9
50012.9
50012.9
50012.9
50012.8
50012.8
50012.8
50012.8
50012.8
50012.8
50012.8
50012.8
50012.8
50012.8
50012.8
50012.8
50012.7
50012.7
50012.7
50012.7
50012.7
50012.7
50012.6
50012.6
50012.6
50012.6
50012.6
50012.6
50012.5
50012.5
50012.5
50012.5
50012.5
50012.5
50012.5
50012.5
50012.4
50012.4
50012.4
50012.4
50012.4
50012.4
50012.4
50012.3
50012.3
50012.3
50012.3
50012.3
50012.3
50012.3
50012.2
50012.2
50012.2
50012.2
