51014.5
49678.4
48538.8
47565.9
46743.4
46032.2
45431.7
44933.3
44488.5
44098.9
43763.7
43474.7
43224.8
43008.2
42820
42655.9
42512.4
42395.7
42283.2
42183.7
42095.3
42016.3
41945.4
41881.3
41823.2
41770.2
41721.5
41679.9
41638
41602.1
41568.5
41540.1
41510.1
41490.1
41467.9
41452.9
41435.5
41421.6
41407.5
41358
41344.7
41333.5
41320.4
41309.5
41296.6
41229.6
41220.1
41210.5
41201.6
41192.5
41184.2
41175.9
41168.5
41161
41152.9
41143.3
41133.3
41123.1
41115.8
41108.5
41102.1
41080.2
41078.3
41076.1
41070.4
41069.1
41068.8
41068.3
41068.6
41068.8
41069.8
41070.4
41071.9
41073
41074.8
41076.3
41078.4
41080.2
41082.6
41084.6
41087.2
41089.4
41092.3
41094.6
41097.6
41100
41103
41105.4
41108.4
41110.7
41113.6
41115.9
41118.6
41120.7
41123.3
41125.2
41127.6
41129
41130.3
41131.6
41132.7
41133.8
41134.8
41135.8
41136.8
41137.8
41138.7
41579.4
42175.5
42897.8
43705.8
44579.3
45510.2
46479.7
47464.9
48477.5
49507.2
50552.4
51600.6
52654.3
53707
54774.8
55810.1
56819.2
57801.3
58784.4
59728.5
60651.3
61528.3
62399.3
63180.7
63924.5
64627.7
65299.4
65933.2
66537.5
67095.6
67620.5
68095.7
68542
68941.5
69314
69632.7
69938.7
70152.9
70291.7
70375.6
70417.6
70444
70413.7
70345.7
70185.7
69988.5
69732.3
69395.1
68985.6
68553
68024.8
67473.3
66858.3
66252.5
65590.5
64899
64221
63536.1
62798.6
62108.8
61349.3
60659.3
59939.3
59325.4
58650.9
58070.1
57454.6
56961.7
56415.9
55925.9
55489.2
55121.5
54814.7
54570.2
54375.4
54239
54133.3
54080.4
54059.2
54105.3
54160
54270.4
54386.2
54535.4
54705.3
54886.4
55102
55344.1
55588.9
55849.1
56079.3
56367.7
56661
56952.1
57253.9
57582.7
57912.2
58260.2
58603.2
58956.2
59287.1
59618.6
59932.2
60247.2
60542.5
60829.5
61092.1
61343.5
61568.8
61781.4
61965.8
62128.8
62275.9
62406.7
62515.9
62597.5
62668.6
62723
62753.6
62765.1
62752.5
62721.3
62668.2
62594.3
62504.6
62407.4
62279.7
62139.2
61984.4
61818.7
61633
61447.2
61249.3
61041.5
60829.1
60600.4
60358.3
60111.6
59854.9
59596.8
59331.7
59068.3
58800.1
58536.3
58269.6
58010.1
57749.9
57499.9
57182.8
56943.7
56707.4
56480.5
56256.4
56042.8
55833.6
55612.3
55421.9
55246
55078.2
54926.5
54785.1
54660.7
54548.5
54454.2
54372.8
54307.8
54258.1
54224.8
54206.7
54203.9
54215.4
54259.6
54297.2
54346.7
54407.7
54478.9
54559.8
54649.2
54746.7
54850.9
54961.4
55076.9
55197
55320.4
55446.6
55574.5
55703.8
55833.3
55962.7
56091
56218
56342.5
56464.5
56583.1
56698.2
56808.8
56915.1
57016.1
57111.8
57201.5
57285.3
57362.6
57433.7
57498.1
57556
57607
57651.4
57688.8
57719.5
57743.3
57760.4
57766.9
57757.7
57741.5
57714.8
57703.8
57666.2
57623.3
57582
57544.2
57501.3
57453.9
57402.2
57346.6
57287.1
57224.7
57159.1
57091.3
57021
56949.3
56875.9
56801.9
56726.9
56652.3
56577.3
56503.6
56428.8
56356.3
56284.3
56215.4
56147.5
56082.1
56020
55960.8
55905.4
55853.3
55805.2
55760.7
55720.6
55684.3
55652.6
55624.9
55599.3
55574.9
55554.7
55541.3
55520
55506.2
55499.8
55496.9
55502.4
55516.4
55534.1
55555
55579.4
55606.5
55636.6
55669.1
55704.1
55741
55779.9
55820.3
55862.2
55905.1
55949
55993.3
56038
56082.9
56127.9
56172.4
56209.6
56246.3
56282.3
56317.1
56350.9
56389.2
56425.9
56460.9
56488.6
56514.4
56538.4
56560.2
56580.2
56597.8
56613.4
56626.6
56637.7
56641.8
56648.3
56656
56652.3
56646.5
56638.8
56629.1
56617.6
56604.1
56589.1
56572.3
56557.4
56543.7
56528.5
56511.7
56493.6
56474.2
56453.7
56432.1
56409.7
56386.4
56362.7
56338.4
56313.9
56289
56264.3
56239.4
56214.8
56190.5
56166.6
56143.2
56120.6
56098.5
56077.5
56057.2
56035.1
56013.9
55988.2
55966.2
55945.5
55925.9
55907.7
55890.7
55875.2
55864.4
55855.2
55847.2
55840.8
55832.3
55828.6
55826.2
55825.2
55825.4
55827
55829.6
55833.6
55838.5
55844.5
55851.4
55859.3
55867.9
55877.3
55890.8
55905
55919.5
55934.5
55949.8
55965.4
55981.1
55997
56012.7
56028.5
56044.1
56059.5
56074.6
56085.9
56100.2
56114.2
56127.6
56140.5
56152.7
56164.3
56175.2
56185.5
56194.9
56203.7
56207.5
56214.8
56221.2
56226.9
56231.6
56235.7
56238.8
56241.4
56243
56244
56244.1
