51014.3
51014.1
51013.9
51013.8
51013.7
51013.7
51013.6
51013.6
51013.5
51013.5
51013.5
51013.5
51013.5
51013.5
51013.5
51013.6
51013.5
51013.4
51013.5
51013.5
51013.5
51013.6
51013.5
51013.7
51013.7
51013.6
51013.6
51013.8
51013.6
51013.7
51013.9
51014
51014.3
51014.6
51014.3
51006.6
51010.1
51010.6
51011
51011.4
51011.6
51011.6
51011.8
51011.8
51011.9
51012.1
51012.1
51012.2
51012.4
51012.4
51012.5
51012.6
51012.6
51047.6
51030.6
51022.1
51017.8
51015.8
51015.7
51015.6
51015.6
51015.6
51015.5
51015.5
51015.4
51015.4
51015.4
51015.3
51015.3
51015.3
51015.3
51015.3
51015.3
51015.2
51015.2
51015.2
51015.2
51015.2
51015.2
51015.2
51015.2
51015.3
51015.2
51015.3
51015.3
51015.3
51015.2
51015.3
51015.2
51015.2
51015.3
51015.3
51015.3
51015.3
51015.3
51015.3
51015.4
51058.7
51036.1
51024.9
51019.3
51016.4
51016.1
51015.9
51015.2
51014.3
51012.4
51399.7
52222.8
52236.4
53398.2
53344.6
53657.1
55718.3
57004.2
57774.2
58685.5
58220.1
58081.7
57250
58235.1
60277.8
61854.8
62411.8
62483.8
63689.7
62624.1
63798.6
64899.4
65911.3
68527.8
66804.5
66099.8
67493
66528.8
68588.4
67985.3
71551.6
69452.4
68684.9
69561.4
68372.7
69930.4
71145.2
68168.8
70953.6
69971.7
69218.9
68313.4
68164.1
67178.7
67822.2
69053.9
67738.9
65950.5
64215.8
64810
61911.9
61757.5
61274.4
60371.9
59904.3
58964.4
57177.1
55941.4
54732
54193.1
53970.4
53435.3
52808.9
52582.7
52319.8
52395.8
52387.3
52092.7
51623
52368.9
53861.8
55072
57004.3
55267.6
54807
54856.6
55457.1
54237.2
55447.1
54577.7
54629.7
56114.6
58558.6
58929
57685.8
59524
59627.9
61115.4
60931.3
62141.8
63707.4
64459.1
64562.2
65853.4
67448.3
66664.3
68581.3
69067.5
67633.9
70183.2
69084.2
70766.9
72621.9
73156.1
71705.5
68702.9
69802.7
72834.3
70925
69868.4
68949.9
71463.9
68562.2
68909.6
67096.5
69072.8
69248.2
67544.2
66255.2
67068.3
65304.6
64508
65292.3
64141.8
61483.1
62077.5
60969.9
60449.2
60007.2
60003
60281.9
60821.9
59438.3
58280.8
57611.5
58174.5
58482.6
57774.9
57413.2
55813
55087.8
53975.7
53173.9
52900.9
53408.2
52855.6
52916.2
52673.4
52602.1
52393
52750.2
53832
54026.5
53136.7
52475.9
52328.2
52774.8
53005
53539.6
53605.7
54083.2
53628.9
53108.1
52947.4
52456
51986.6
52247.7
51940.3
51475.7
51389.2
51463.1
51235.3
51335.3
51167.4
51259.5
52238.8
52539.5
52917.2
53332.8
52629.3
52202.6
52818.2
52797
52586.3
52436.8
52568
52763.7
53597.7
54170.3
54857.4
56102.5
56370.6
56067.4
57206
56422
55337.4
55613.1
56956.4
56682.7
57500.1
57385
59375.7
59111.3
61154.3
60299.1
59509.9
60349.4
61735.3
60388.4
59315.7
61211.7
62285.5
59412
59996.9
61013.8
60943.6
60750.3
60093.5
60836.2
59092.8
61530.4
61299
60117.1
58568.4
60861.1
58329.1
60041.2
59740.1
59688.8
58922.7
57648.9
56028.8
56956.2
57065.8
57690.8
57299.6
56833.9
57610.7
57198.5
56310
55965.3
56968
55591.7
55780.2
56239.9
58441
56935.9
55394.3
54852.5
55186.2
54572.1
54468
55085.8
55779.3
55985.4
57549
56958.8
56125.3
56706.9
56070.7
56131.4
56710.7
57497.6
56235.5
55320
55633.3
55454.2
56182.4
56335.7
56321.2
56858.3
56359.2
57325.5
58302
59315.2
58921.3
58715.3
57268.5
56569
55914
56234.3
56358
56896.2
56423.5
56186.8
56716.9
57286.5
56844.2
56537.7
56195.5
55234.2
54948.6
54163.3
53589.9
54200.3
53676.3
54338
54201.5
54581.3
53852.8
52817.5
53038.5
54584.6
54503.9
53661.5
53698.2
54527.6
54616.6
54435.4
54038.2
55349.2
53708.5
54732
54349.9
54413
53886.8
54136
55816
55476.5
54648.3
54608.8
56393.7
56675.7
55897
55782.4
56476.9
57262.1
55545.9
56293.8
55972.1
55469.9
55659.8
56042.9
56774
56529.3
58332.8
58468.7
57534.2
56532.9
56524.8
57480.5
58283.7
58857.4
58575
57798.1
57663.3
58483.5
57875.6
58407.7
58057
58417.8
58520.3
58430.9
58077
58405.3
58442.5
59056.4
56120.7
58177.3
59286.1
58484.5
60080.5
57730.6
58255.2
57356.8
56822.5
57963.6
58489.6
56937.2
56469.4
56754.1
58369.7
58377.4
58617.3
57734.6
57285.1
56583
55277.5
55667.4
54959
55762
58101.6
58339.9
59005.2
57080.3
56986
56734
55690.5
56527.8
55774.7
56135.8
55952.8
54893.2
55115.9
