0.000138452
0.000137764
0.000138394
0.000137718
0.000138357
0.000137694
0.000138344
0.000137693
0.000138353
0.000137733
0.000138416
0.000137794
0.000138489
0.000137872
0.000138578
0.000137965
0.000138682
0.000138071
0.000138799
0.000138191
0.000138931
0.000138326
0.000139077
0.000138474
0.000139236
0.000138634
0.000139406
0.000138806
0.000139587
0.000138986
0.000139774
0.000139195
0.000140001
0.000139407
0.000140217
0.000139617
0.000140427
0.00013982
0.000140627
0.000140013
0.000140817
0.000140198
0.000141
0.000140377
0.000141176
0.00014055
0.000141347
0.00014072
0.000141516
0.000140888
0.000141683
0.000141055
0.000141849
0.000141222
0.000142015
0.000141389
0.000142181
0.000141555
0.000142346
0.000141722
0.000142512
0.000141888
0.000142677
0.000142053
0.000142841
0.000142217
0.000143003
0.000142379
0.000143164
0.000142539
0.000143322
0.000142696
0.000143477
0.000142848
0.000143628
0.000142995
0.000143773
0.000143136
0.000143911
0.000143268
0.00014404
0.000143391
0.000144159
0.000143502
0.000144266
0.000143601
0.00014436
0.000143686
0.000144439
0.000143756
0.000144457
0.00014374
0.000144496
0.000143761
0.000144514
0.000143769
0.000144518
0.000143769
0.000144514
0.000143761
0.000144504
0.000143747
0.000144487
0.000143724
0.000144461
0.000143692
0.000144426
0.000143652
0.000144382
0.000143606
0.000144331
0.000143554
0.000144274
0.000143495
0.00014421
0.00014343
0.000144141
0.000143359
0.000144067
0.000143283
0.000143987
0.000143201
0.000143903
0.000143114
0.000143813
0.000143022
0.000143718
0.000142924
0.000143618
0.000142822
0.000143512
0.000142714
0.000143402
0.000142601
0.000143286
0.000142484
0.000143166
0.000142363
0.000143042
0.000142239
0.000142914
0.000142111
0.000142784
0.000141982
0.000142651
0.000141851
0.000142518
0.000141719
0.000142384
0.000141588
0.00014225
0.000141458
0.000142119
0.00014133
0.00014199
0.000141206
0.000141864
0.000141085
0.000141743
0.000140969
0.000141628
0.000140858
0.000141518
0.000140753
0.000141414
0.000140655
0.000141317
0.000140563
0.000141227
0.000140479
0.000141146
0.000140402
0.000141072
0.000140333
0.000141006
0.000140272
0.000140949
0.000140219
0.000140901
0.000140173
0.00014086
0.000140136
0.000140827
0.000140106
0.000140802
0.000140083
0.000140783
0.000140067
0.00014077
0.000140056
0.000140764
0.000140051
0.000140763
0.000140052
0.000140767
0.000140058
0.000140777
0.000140069
0.000140791
0.000140085
0.00014081
0.000140107
0.000140834
0.000140133
0.000140864
0.000140164
0.000140898
0.000140201
0.000140937
0.000140243
0.000140982
0.00014029
0.000141032
0.000140342
0.000141087
0.0001404
0.000141147
0.000140462
0.000141212
0.000140529
0.000141281
0.000140601
0.000141355
0.000140677
0.000141433
0.000140757
0.000141515
0.00014084
0.0001416
0.000140927
0.000141688
0.000141015
0.000141778
0.000141105
0.000141869
0.000141197
0.000141961
0.000141288
0.000142053
0.00014138
0.000142144
0.00014147
0.000142234
0.000141559
0.000142323
0.000141645
0.000142408
0.000141729
0.000142491
0.00014181
0.000142571
0.000141887
0.000142646
0.000141961
0.000142718
0.00014203
0.000142785
0.000142095
0.000142848
0.000142155
0.000142906
0.00014221
0.00014296
0.000142261
0.000143008
0.000142306
0.000143052
0.000142346
0.00014309
0.000142382
0.000143123
0.000142412
0.000143152
0.000142436
0.000143174
0.000142456
0.000143205
0.00014249
0.000143229
0.000142509
0.000143246
0.000142521
0.000143255
0.000142526
0.000143256
0.000142522
0.000143249
0.000142521
0.000143251
0.000142515
0.000143242
0.000142502
0.000143226
0.000142482
0.000143203
0.000142455
0.000143173
0.000142423
0.000143138
0.000142385
0.000143097
0.000142343
0.000143051
0.000142295
0.000143001
0.000142244
0.000142947
0.00014219
0.00014289
0.000142132
0.000142829
0.000142071
0.000142765
0.000142008
0.0001427
0.000141943
0.000142633
0.000141877
0.000142565
0.000141809
0.000142496
0.000141742
0.000142427
0.000141674
0.000142359
0.000141607
0.000142291
0.00014154
0.000142224
0.000141475
0.000142158
0.00014141
0.000142093
0.000141346
0.000142029
0.000141283
0.000141967
0.000141222
0.000141905
0.000141161
0.000141845
0.000141102
0.000141787
0.000141045
0.00014173
0.000140989
0.000141675
0.000140936
0.000141622
0.000140884
0.000141571
0.000140835
0.000141523
0.000140788
0.000141477
0.000140744
0.000141434
0.000140703
0.000141394
0.000140665
0.000141358
0.000140631
0.000141325
0.0001406
0.000141296
0.000140573
0.00014127
0.00014055
0.000141249
0.000140531
0.000141232
0.000140516
0.000141219
0.000140505
0.00014121
0.000140497
0.000141205
0.000140494
0.000141205
0.000140495
0.000141208
0.0001405
0.000141214
0.000140508
0.000141225
0.00014052
0.000141238
0.000140535
0.000141255
0.000140553
0.000141275
0.000140574
0.000141297
0.000140598
0.000141322
0.000140624
0.00014135
0.000140653
0.000141379
0.000140683
0.00014141
0.000140715
0.000141443
0.000140748
0.000141477
0.000140783
0.000141512
0.000140819
0.000141548
0.000140856
0.000141586
0.000140893
0.000141624
0.000140932
0.000141663
0.000140972
0.000141703
0.000141012
0.000141744
0.000141053
0.000141786
0.000141094
0.000141828
0.000141136
0.00014187
0.000141178
0.000141912
0.00014122
0.000141955
0.000141262
0.000141997
0.000141304
0.000142038
0.000141345
0.000142079
0.000141385
0.000142119
0.000141423
0.000142158
0.000141461
0.000142195
0.000141496
0.00014223
0.00014153
0.000142264
0.000141562
0.000142295
0.000141592
0.000142324
0.000141619
0.000142351
0.000141644
0.000142375
0.000141666
0.000142396
0.000141686
0.000142415
0.000141704
0.000142432
0.000141719
0.000142446
0.000141731
0.000142457
0.000141741
0.000142466
0.000141749
0.000142472
0.000141754
0.000142476
0.000141757
0.000142477
0.000141758
0.000142477
0.000141756
0.000142474
0.000141753
0.00014247
0.000141747
0.000142463
0.00014174
0.000142454
0.000141731
0.000142444
0.00014172
0.000142432
0.000141707
0.000142419
0.000141693
0.000142403
0.000141677
0.000142386
0.00014166
0.000142368
0.000141641
0.000142348
0.000141621
0.000142327
0.000141599
0.000142305
0.000141576
0.000142281
0.000141553
0.000142256
0.000141528
0.000142231
0.000141502
0.000142204
0.000141476
0.000142177
0.000141449
0.00014215
0.000141421
0.000142122
0.000141394
0.000142094
0.000141366
0.000142066
0.000139689
0.000137258
0.000133879
0.000130433
0.000126669
0.000122897
0.000118742
0.000115174
0.000111286
0.000107753
0.000103864
0.000100342
9.66048e-05
9.31529e-05
8.96085e-05
8.64055e-05
8.31055e-05
7.99656e-05
7.68206e-05
7.38053e-05
7.07852e-05
6.78943e-05
6.50176e-05
6.22723e-05
5.95678e-05
5.70347e-05
5.45758e-05
5.22509e-05
5.00433e-05
4.7963e-05
4.60459e-05
4.42812e-05
4.27049e-05
4.12442e-05
3.99854e-05
3.88244e-05
3.78707e-05
3.69895e-05
3.63185e-05
3.57715e-05
3.54486e-05
3.51668e-05
3.51451e-05
3.51616e-05
3.52095e-05
3.53616e-05
3.54227e-05
3.55396e-05
3.57004e-05
3.58958e-05
3.62181e-05
3.64492e-05
3.66848e-05
3.68882e-05
3.71819e-05
3.74678e-05
3.82668e-05
3.89619e-05
3.97086e-05
4.1028e-05
4.2219e-05
4.37345e-05
4.49345e-05
4.66823e-05
4.76671e-05
4.91466e-05
5.10209e-05
5.29578e-05
5.48716e-05
5.74828e-05
5.91716e-05
6.10599e-05
6.35083e-05
6.5635e-05
6.79692e-05
7.08586e-05
7.27644e-05
7.57043e-05
7.69086e-05
7.95251e-05
8.03117e-05
8.31827e-05
8.51797e-05
8.70029e-05
8.79911e-05
9.11553e-05
9.29955e-05
9.56517e-05
9.72809e-05
9.90361e-05
0.000100924
0.000102302
0.000102833
0.000104232
0.000104913
0.000105442
0.000106868
0.000107422
0.000106748
0.000106549
0.000105422
0.000104054
0.000102465
0.000100523
9.79139e-05
9.59674e-05
9.28389e-05
9.01722e-05
8.70617e-05
8.53441e-05
8.35889e-05
8.19391e-05
7.94636e-05
7.75365e-05
7.4924e-05
7.28551e-05
7.06003e-05
6.88034e-05
6.65651e-05
6.49414e-05
6.29117e-05
6.14945e-05
5.97022e-05
5.85041e-05
5.69577e-05
5.59973e-05
5.4699e-05
5.37099e-05
5.22744e-05
5.11363e-05
4.95887e-05
4.83733e-05
4.68286e-05
4.56564e-05
4.42717e-05
4.32425e-05
4.21003e-05
4.12621e-05
4.03789e-05
3.97477e-05
3.91048e-05
3.86864e-05
3.8263e-05
3.80528e-05
3.78198e-05
3.77943e-05
3.77263e-05
3.78522e-05
3.79237e-05
3.81621e-05
3.83533e-05
3.8663e-05
3.89456e-05
3.92894e-05
3.96393e-05
4.00201e-05
4.04528e-05
4.09361e-05
4.15287e-05
4.21966e-05
4.29705e-05
4.37789e-05
4.46629e-05
4.55609e-05
4.6572e-05
4.7613e-05
4.87981e-05
4.99603e-05
5.12193e-05
5.2369e-05
5.36049e-05
5.47305e-05
5.59901e-05
5.71604e-05
5.84774e-05
5.96958e-05
6.10475e-05
6.23153e-05
6.37361e-05
6.51118e-05
6.66881e-05
6.81949e-05
6.98044e-05
7.12563e-05
7.27279e-05
7.39667e-05
7.51992e-05
7.61687e-05
7.71435e-05
7.78706e-05
7.86559e-05
7.9245e-05
7.99547e-05
8.0521e-05
8.1192e-05
8.16794e-05
8.22376e-05
8.25686e-05
8.29216e-05
8.30656e-05
8.32796e-05
8.3354e-05
8.34816e-05
8.35521e-05
8.36277e-05
8.37085e-05
8.38139e-05
8.38756e-05
8.37909e-05
8.36581e-05
8.34126e-05
8.31993e-05
8.27882e-05
8.23492e-05
8.16861e-05
8.11876e-05
8.05257e-05
8.01033e-05
7.94048e-05
7.89421e-05
7.81357e-05
7.75394e-05
7.65594e-05
7.58006e-05
7.47881e-05
7.40499e-05
7.31616e-05
7.25428e-05
7.18225e-05
7.13504e-05
7.0789e-05
7.04332e-05
6.99859e-05
6.96988e-05
6.93201e-05
6.90447e-05
6.86905e-05
6.83804e-05
6.80206e-05
6.76722e-05
6.72997e-05
6.69247e-05
6.65441e-05
6.6157e-05
6.57851e-05
6.54008e-05
6.50491e-05
6.46794e-05
6.4344e-05
6.40057e-05
6.37016e-05
6.34022e-05
6.31523e-05
6.29213e-05
6.27496e-05
6.25891e-05
6.24909e-05
6.23896e-05
6.23434e-05
6.22783e-05
6.22484e-05
6.21905e-05
6.21326e-05
6.20464e-05
6.19107e-05
6.17601e-05
6.15153e-05
6.12948e-05
6.09479e-05
6.07118e-05
6.0312e-05
6.01165e-05
5.97344e-05
5.96922e-05
5.9404e-05
5.95128e-05
5.93278e-05
5.95549e-05
5.94566e-05
5.98527e-05
5.99062e-05
6.04288e-05
6.05622e-05
6.11585e-05
6.13449e-05
6.19724e-05
6.21808e-05
6.2815e-05
6.30538e-05
6.37018e-05
6.39705e-05
6.4906e-05
6.53056e-05
6.6129e-05
6.65752e-05
6.75178e-05
6.79655e-05
6.90635e-05
6.95804e-05
7.06317e-05
7.10758e-05
7.205e-05
7.24213e-05
7.32986e-05
7.35911e-05
7.43732e-05
7.45881e-05
7.5281e-05
7.54178e-05
7.59955e-05
7.61374e-05
7.67271e-05
7.6789e-05
7.72407e-05
7.72229e-05
7.75776e-05
7.74527e-05
7.77042e-05
7.74706e-05
7.76153e-05
7.72638e-05
7.72974e-05
7.68271e-05
7.6751e-05
7.61697e-05
7.59939e-05
7.53164e-05
7.50532e-05
7.42953e-05
7.39542e-05
7.31337e-05
7.27262e-05
7.18648e-05
7.14055e-05
7.05243e-05
7.00252e-05
6.91372e-05
6.86047e-05
6.77158e-05
6.71524e-05
6.62631e-05
6.56896e-05
6.48123e-05
6.42237e-05
6.33588e-05
6.27744e-05
6.19339e-05
6.1368e-05
6.05643e-05
6.00303e-05
5.92733e-05
5.87806e-05
5.80763e-05
5.76303e-05
5.69809e-05
5.65839e-05
5.599e-05
5.56439e-05
5.5106e-05
5.4813e-05
5.43321e-05
5.40954e-05
5.3674e-05
5.3498e-05
5.31398e-05
5.30283e-05
5.2736e-05
5.26914e-05
5.24663e-05
5.24892e-05
5.23313e-05
5.24206e-05
5.23286e-05
5.24818e-05
5.24533e-05
5.26674e-05
5.27005e-05
5.2973e-05
5.30667e-05
5.33956e-05
5.35498e-05
5.39339e-05
5.4149e-05
5.45888e-05
5.48658e-05
5.53595e-05
5.5696e-05
5.62386e-05
5.66291e-05
5.7213e-05
5.76494e-05
5.8266e-05
5.87392e-05
5.93796e-05
5.98809e-05
6.05382e-05
6.10615e-05
6.17316e-05
6.22727e-05
6.29543e-05
6.35105e-05
6.42054e-05
6.47741e-05
6.54752e-05
6.60502e-05
6.67537e-05
6.73265e-05
6.80246e-05
6.85868e-05
6.92713e-05
6.98163e-05
7.04813e-05
7.09993e-05
7.16357e-05
7.21167e-05
7.2716e-05
7.31504e-05
7.37063e-05
7.40854e-05
7.45926e-05
7.49069e-05
7.53584e-05
7.55984e-05
7.59855e-05
7.61431e-05
7.64553e-05
7.65246e-05
7.6751e-05
7.67283e-05
7.68597e-05
7.67437e-05
7.67749e-05
7.65664e-05
7.64955e-05
7.61966e-05
7.60251e-05
7.56405e-05
7.53745e-05
7.4912e-05
7.45616e-05
7.40315e-05
7.36093e-05
7.30233e-05
7.25426e-05
7.19121e-05
7.13855e-05
7.07218e-05
7.0162e-05
6.94764e-05
6.88962e-05
6.82006e-05
6.7613e-05
6.69186e-05
6.63358e-05
6.56529e-05
6.50853e-05
6.44222e-05
6.38777e-05
6.3241e-05
6.27255e-05
6.21211e-05
6.16395e-05
6.10732e-05
6.06295e-05
6.01056e-05
5.9703e-05
5.9225e-05
5.88658e-05
5.84365e-05
5.81227e-05
5.77445e-05
5.75034e-05
5.71983e-05
5.69971e-05
5.67474e-05
5.65943e-05
5.63968e-05
5.6289e-05
5.61421e-05
5.60794e-05
5.59824e-05
5.59654e-05
5.59182e-05
5.59481e-05
5.59505e-05
5.60281e-05
5.60798e-05
5.62051e-05
5.63054e-05
5.64773e-05
5.66249e-05
5.68418e-05
5.70351e-05
5.7295e-05
5.75323e-05
5.78333e-05
5.81133e-05
5.84539e-05
5.87751e-05
5.9154e-05
5.95145e-05
5.99302e-05
6.03278e-05
6.07782e-05
6.121e-05
6.16921e-05
6.21537e-05
6.26631e-05
6.31486e-05
6.36791e-05
6.41804e-05
6.47244e-05
6.52325e-05
6.57816e-05
6.62884e-05
6.6836e-05
6.73322e-05
6.78704e-05
6.83463e-05
6.88664e-05
6.93114e-05
6.98038e-05
7.02067e-05
7.06609e-05
7.10099e-05
7.14151e-05
7.16988e-05
7.20443e-05
7.22523e-05
7.2529e-05
7.26533e-05
7.28578e-05
7.28969e-05
7.30212e-05
7.29694e-05
7.30119e-05
7.28702e-05
7.28316e-05
7.26044e-05
7.2489e-05
7.21835e-05
7.19985e-05
7.16242e-05
7.13787e-05
7.09469e-05
7.06511e-05
7.01737e-05
6.98379e-05
6.93264e-05
6.89604e-05
6.84257e-05
6.80389e-05
6.74913e-05
6.7093e-05
6.65421e-05
6.6141e-05
6.55949e-05
6.51987e-05
6.46643e-05
6.42798e-05
6.37631e-05
6.33959e-05
6.29021e-05
6.25574e-05
6.2091e-05
6.17729e-05
6.13376e-05
6.10496e-05
6.06485e-05
6.03933e-05
6.00288e-05
5.98086e-05
5.94828e-05
5.9299e-05
5.90132e-05
5.88669e-05
5.86221e-05
5.85139e-05
5.83108e-05
5.82413e-05
5.80804e-05
5.805e-05
5.79316e-05
5.79408e-05
5.78649e-05
5.79143e-05
5.78809e-05
5.79708e-05
5.79794e-05
5.81102e-05
5.81603e-05
5.83319e-05
5.84221e-05
5.86341e-05
5.87628e-05
5.90143e-05
5.91796e-05
5.94695e-05
5.96688e-05
5.99955e-05
6.0226e-05
6.05876e-05
6.08459e-05
6.12399e-05
6.15221e-05
6.19451e-05
6.22471e-05
6.26953e-05
6.30127e-05
6.34815e-05
6.38096e-05
6.42939e-05
6.46272e-05
6.51214e-05
6.54547e-05
6.59528e-05
6.62799e-05
6.67752e-05
6.70893e-05
6.75748e-05
6.78687e-05
6.83373e-05
6.8604e-05
6.90492e-05
6.92825e-05
6.96982e-05
6.98923e-05
7.02727e-05
7.04226e-05
7.07629e-05
7.08648e-05
7.11609e-05
7.12125e-05
7.14612e-05
7.14615e-05
7.1661e-05
7.16098e-05
7.17588e-05
7.1657e-05
7.17552e-05
7.16042e-05
7.1652e-05
7.1454e-05
7.14525e-05
7.12103e-05
7.11614e-05
7.08787e-05
7.07851e-05
7.0466e-05
7.0331e-05
6.998e-05
6.98077e-05
6.94297e-05
6.92245e-05
6.88244e-05
6.85912e-05
6.81736e-05
6.79174e-05
6.74872e-05
6.72132e-05
6.67747e-05
6.64881e-05
6.60455e-05
6.57511e-05
6.53084e-05
6.50109e-05
6.4572e-05
6.4276e-05
6.38445e-05
6.35542e-05
6.31336e-05
6.2853e-05
6.24467e-05
6.21797e-05
6.1791e-05
6.15411e-05
6.11731e-05
6.09438e-05
6.05996e-05
6.0394e-05
6.00764e-05
5.98977e-05
5.96093e-05
5.946e-05
5.92029e-05
5.90856e-05
5.88617e-05
5.87782e-05
5.85889e-05
5.8541e-05
5.83873e-05
5.83762e-05
5.82592e-05
5.82859e-05
5.8206e-05
5.82711e-05
5.82287e-05
5.83326e-05
5.83277e-05
5.84701e-05
5.85024e-05
5.86829e-05
5.87514e-05
5.89689e-05
5.90724e-05
5.93254e-05
5.94621e-05
5.97486e-05
5.99163e-05
6.02339e-05
6.04301e-05
6.07762e-05
6.09978e-05
6.13693e-05
6.16131e-05
6.20066e-05
6.22691e-05
6.26809e-05
6.29583e-05
6.33845e-05
6.36726e-05
6.41088e-05
6.44035e-05
6.48451e-05
6.51418e-05
6.5584e-05
6.58781e-05
6.63158e-05
6.66024e-05
6.70305e-05
6.73047e-05
6.7718e-05
6.79747e-05
6.83679e-05
6.86021e-05
6.89701e-05
6.91769e-05
6.95149e-05
6.96898e-05
6.99932e-05
7.01321e-05
7.0397e-05
7.04963e-05
7.07194e-05
7.07763e-05
7.09551e-05
7.09675e-05
7.11002e-05
7.10669e-05
7.11527e-05
7.10732e-05
7.11122e-05
7.09869e-05
7.098e-05
7.081e-05
7.0759e-05
7.05465e-05
7.0454e-05
7.02016e-05
7.00709e-05
6.97823e-05
6.96172e-05
6.92965e-05
6.91012e-05
6.87531e-05
6.85323e-05
6.81616e-05
6.79202e-05
6.75319e-05
6.72748e-05
6.68741e-05
6.66062e-05
6.61982e-05
6.59243e-05
6.55139e-05
6.52386e-05
6.48306e-05
6.45584e-05
6.41572e-05
6.38924e-05
6.35021e-05
6.32486e-05
6.28732e-05
6.26347e-05
6.22777e-05
6.20575e-05
6.17221e-05
6.15233e-05
6.12123e-05
6.10376e-05
6.07535e-05
6.06054e-05
6.03504e-05
6.0231e-05
6.00067e-05
5.99177e-05
5.97256e-05
5.96685e-05
5.95097e-05
5.94856e-05
5.93608e-05
5.93706e-05
5.92802e-05
5.93243e-05
5.92683e-05
5.9347e-05
5.93253e-05
5.94384e-05
5.94503e-05
5.95973e-05
5.96419e-05
5.9822e-05
5.98981e-05
6.01101e-05
6.02161e-05
6.04583e-05
6.05923e-05
6.08628e-05
6.10225e-05
6.13187e-05
6.15015e-05
6.18208e-05
6.20235e-05
6.23626e-05
6.2582e-05
6.29375e-05
6.31699e-05
6.35379e-05
6.37793e-05
6.41557e-05
6.4402e-05
6.47826e-05
6.50295e-05
6.54097e-05
6.56528e-05
6.60282e-05
6.62629e-05
6.6629e-05
6.6851e-05
6.72033e-05
6.74083e-05
6.77427e-05
6.79264e-05
6.82389e-05
6.83978e-05
6.86848e-05
6.88155e-05
6.90737e-05
6.91733e-05
6.94e-05
6.94662e-05
6.96592e-05
6.96903e-05
6.98479e-05
6.98425e-05
6.99637e-05
6.99214e-05
7.00057e-05
6.99265e-05
6.9974e-05
6.98586e-05
6.98702e-05
6.97196e-05
6.96967e-05
6.95126e-05
6.9457e-05
6.92416e-05
6.91556e-05
6.89114e-05
6.87979e-05
6.85278e-05
6.83897e-05
6.8097e-05
6.79377e-05
6.76259e-05
6.74489e-05
6.71216e-05
6.69305e-05
6.65915e-05
6.63903e-05
6.60435e-05
6.5836e-05
6.54853e-05
6.52753e-05
6.49246e-05
6.4716e-05
6.43691e-05
6.41656e-05
6.38261e-05
6.36314e-05
6.33027e-05
6.31203e-05
6.28056e-05
6.26385e-05
6.23406e-05
6.21918e-05
6.19135e-05
6.17856e-05
6.1529e-05
6.14242e-05
6.11913e-05
6.11116e-05
6.09041e-05
6.08511e-05
6.06703e-05
6.06451e-05
6.0492e-05
6.04956e-05
6.03707e-05
6.04036e-05
6.03071e-05
6.03696e-05
6.03015e-05
6.03934e-05
6.03533e-05
6.0474e-05
6.04612e-05
6.06101e-05
6.06235e-05
6.07995e-05
6.08379e-05
6.10397e-05
6.11016e-05
6.13276e-05
6.14113e-05
6.16596e-05
6.1763e-05
6.20316e-05
6.21526e-05
6.24391e-05
6.25753e-05
6.28771e-05
6.30259e-05
6.33404e-05
6.34991e-05
6.38233e-05
6.39889e-05
6.43199e-05
6.44894e-05
6.48238e-05
6.49942e-05
6.53288e-05
6.54968e-05
6.58284e-05
6.59909e-05
6.63159e-05
6.64696e-05
6.67848e-05
6.69266e-05
6.72285e-05
6.73554e-05
6.76408e-05
6.77498e-05
6.80157e-05
6.8104e-05
6.83477e-05
6.84129e-05
6.86317e-05
6.86716e-05
6.88635e-05
6.88762e-05
6.90393e-05
6.90235e-05
6.91566e-05
6.91112e-05
6.92135e-05
6.91379e-05
6.9209e-05
6.91033e-05
6.91433e-05
6.90079e-05
6.90176e-05
6.88534e-05
6.88339e-05
6.86423e-05
6.85952e-05
6.83782e-05
6.83056e-05
6.80655e-05
6.797e-05
6.77094e-05
6.75937e-05
