0.000131284
0.000126711
0.000132787
0.000128059
0.00013372
0.000129019
0.000133943
0.000129461
0.000133513
0.000129426
0.000132726
0.000129417
0.000132033
0.000130159
0.000132309
0.000132632
0.00013472
0.000137233
0.000138778
0.000142469
0.000143454
0.000147398
0.000147833
0.00015137
0.000151262
0.000154116
0.000153604
0.00015572
0.000154942
0.000156294
0.00015541
0.000156026
0.000155135
0.000155019
0.000154238
0.00015332
0.000152751
0.000150919
0.000150713
0.000148003
0.000148307
0.000144927
0.000146082
0.000142261
0.000144279
0.000140452
0.000143511
0.000140579
0.000145265
0.000143041
0.000148199
0.000145756
0.000150862
0.000148039
0.000152994
0.000149998
0.000154576
0.000151364
0.000155196
0.00015179
0.000154929
0.000151458
0.000153698
0.000150291
0.000151673
0.000148544
0.00014972
0.000147217
0.000149508
0.000148759
0.000151645
0.000152753
0.00015582
0.000157803
0.000160419
0.000162476
0.000163959
0.000165869
0.000165981
0.000167565
0.000166333
0.000167414
0.000164869
0.000165299
0.000161646
0.000161472
0.000157031
0.000156441
0.000151735
0.000151346
0.000147548
0.000148136
0.000145204
0.000145847
0.000143415
0.000143816
0.000141908
0.000141987
0.000140732
0.000140607
0.000140052
0.000139613
0.000139622
0.000138808
0.000139194
0.000138008
0.000138511
0.000136991
0.00013746
0.00013565
0.000136011
0.000133996
0.000134185
0.00013207
0.000132024
0.000129958
0.000129669
0.00012781
0.000127377
0.000125829
0.000125465
0.000124424
0.000124456
0.000124167
0.000124325
0.000124839
0.000124864
0.000125955
0.000125619
0.000126947
0.00012621
0.000127584
0.000126487
0.000127791
0.000126338
0.000127426
0.000125607
0.000126436
0.00012435
0.000124944
0.000122616
0.000123062
0.000120668
0.000120952
0.000118829
0.000118893
0.00011751
0.000117272
0.000117077
0.000116535
0.000117518
0.000116734
0.000118777
0.000117629
0.000120773
0.000119196
0.000123351
0.00012131
0.000126253
0.000123662
0.000129087
0.000125942
0.000131597
0.000128013
0.000133647
0.000129812
0.000135214
0.000131373
0.000136372
0.000132852
0.000137278
0.000134401
0.000138128
0.000136096
0.000139137
0.000137903
0.000140326
0.000139755
0.000141627
0.00014161
0.000142846
0.000143219
0.000143843
0.000144381
0.000144486
0.000144895
0.000144485
0.000144627
0.000143759
0.000143541
0.000142328
0.000141688
0.000140363
0.000139323
0.000138108
0.000136898
0.000136084
0.000134906
0.000134596
0.000133562
0.000133889
0.00013327
0.00013441
0.000134046
0.000135719
0.000135329
0.000137336
0.000136841
0.000139057
0.000138433
0.000140738
0.000139963
0.000142162
0.000141261
0.00014322
0.000142248
0.000143884
0.000142911
0.000144177
0.000143271
0.000144145
0.000143358
0.000143834
0.000143196
0.00014328
0.000142798
0.000142511
0.000142172
0.000141538
0.000141332
0.000140382
0.000140303
0.000139101
0.000139144
0.000137712
0.000137795
0.000136152
0.000136186
0.000134338
0.000134201
0.000132137
0.000131764
0.000129513
0.000128886
0.000126515
0.000125649
0.000123266
0.000122204
0.000119922
0.000118731
0.000116698
0.000115566
0.000113971
0.000112936
0.000111653
0.000110749
0.000109804
0.000109106
0.000108602
0.000108195
0.000108235
0.000108081
0.000108679
0.000108481
0.000109497
0.00010919
0.000110477
0.000110047
0.000111514
0.000110957
0.000112552
0.000111929
0.000113651
0.000113064
0.000114912
0.000114524
0.000116537
0.000116406
0.000118426
0.000118511
0.000120442
0.000120741
0.000122513
0.00012298
0.000124551
0.000125134
0.000126501
0.000127143
0.000128288
0.000128908
0.000129831
0.000130331
0.000131052
0.000131342
0.00013188
0.000131905
0.000132295
0.000132018
0.000132305
0.000131715
0.00013195
0.000131059
0.00013131
0.000130149
0.000130492
0.00012911
0.00012964
0.000128115
0.000128876
0.000127252
0.000128298
0.000126664
0.000128059
0.000126551
0.000128273
0.00012683
0.00012874
0.000127319
0.000129288
0.00012787
0.000129816
0.000128411
0.000130249
0.000128872
0.000130543
0.000129222
0.000130816
0.000129549
0.000131158
0.000130049
0.000131612
0.000130705
0.000132252
0.00013148
0.000133039
0.000132517
0.000133935
0.000133684
0.00013482
0.000134763
0.000135574
0.000135632
0.000136102
0.000136243
0.00013639
0.000136536
0.00013637
0.000136495
0.000136055
0.000136149
0.000135479
0.000135536
0.000134691
0.0001347
0.000133748
0.000133709
0.000132711
0.000132608
0.000131641
0.000131432
0.000130567
0.000130229
0.000129493
0.000129031
0.0001284
0.000127815
0.000127277
0.000126574
0.000126112
0.000125301
0.000124891
0.000123989
0.000123608
0.000122632
0.000122261
0.000121231
0.000120856
0.000119792
0.000119408
0.000118342
0.000117949
0.000116923
0.000116541
0.000115605
0.000115244
0.000114448
0.000114129
0.000113513
0.000113285
0.000112929
0.000112858
0.000112773
0.000112848
0.000112935
0.000113121
0.000113294
0.00011353
0.000113765
0.000113969
0.000114262
0.000114384
0.000114713
0.000114788
0.000115104
0.000115183
0.000115446
0.000115586
0.000115766
0.000116019
0.000116106
0.000116514
0.00011651
0.000117099
0.000116986
0.000117787
0.000117545
0.000118576
0.000118187
0.000119447
0.000118906
0.000120374
0.000119681
0.000121319
0.000120491
0.000122247
0.000121321
0.000123133
0.000122154
0.000123962
0.000122971
0.000124722
0.000123751
0.000125414
0.000124483
0.000126035
0.000125163
0.000126591
0.000125793
0.000127074
0.000126341
0.000127452
0.000126785
0.00012771
0.00012712
0.000127832
0.000127332
0.000127869
0.000127384
0.00012777
0.000127251
0.000127552
0.000126949
0.000127225
0.000126531
0.000126779
0.000126039
0.000126266
0.000125501
0.000125733
0.000124982
0.000125348
0.000124707
0.000125326
0.000124886
0.000125777
0.000125529
0.000126549
0.000126356
0.000127396
0.000127202
0.00012822
0.000127998
0.000128976
0.000128709
0.000129618
0.000129295
0.000130113
0.000129732
0.000130441
0.000130005
0.00013059
0.000130104
0.000130557
0.000130029
0.000130341
0.000129784
0.000129948
0.000129377
0.000129385
0.000128812
0.000128662
0.000128098
0.000127793
0.000127246
0.000126797
0.000126266
0.000125693
0.000125181
0.000124516
0.000124022
0.000123283
0.000122776
0.000121987
0.000121468
0.000120657
0.000141493
0.000165436
0.000176656
0.000182058
0.000187849
0.00019303
0.00020536
0.000215172
0.000226235
0.000224392
0.000220544
0.000208661
0.000202582
0.000194536
0.000193314
0.000190543
0.000190653
0.000190355
0.00018922
0.00019095
0.00018941
0.000192798
0.000191036
0.000194137
0.000191976
0.000194298
0.000191957
0.000194539
0.000193524
0.00019854
0.000200265
0.000207915
0.000209314
0.00021575
0.000213942
0.000219143
0.000219093
0.000229141
0.000242591
0.000251603
0.000252526
0.000248877
0.000244682
0.000248046
0.000249449
0.000258311
0.000260178
0.000269276
0.000265999
0.000275478
0.000271375
0.000282182
0.000285179
0.000293509
0.00029677
0.000301072
0.00030212
0.000303705
0.000305069
0.000309623
0.000312712
0.000321144
0.000324595
0.000329866
0.000326875
0.000327821
0.00031947
0.000320276
0.000310718
0.000319186
0.00031215
0.000316312
0.000312265
0.000306947
0.000310439
0.00029835
0.000309795
0.000297133
0.000303242
0.000296786
0.000293171
0.00029281
0.000289756
0.000289021
0.000288886
0.000286838
0.000289707
0.000288304
0.000288994
0.000287554
0.000285427
0.000283971
0.000280682
0.000279417
0.000276063
0.000274555
0.000270524
0.000268284
0.000263805
0.000261132
0.000255852
0.000253798
0.000246736
0.000246333
0.000239048
0.000238917
0.000231557
0.000231262
0.000225235
0.000223645
0.000219283
0.000214362
0.000210778
0.000204439
0.000204781
0.000201827
0.000208224
0.000206429
0.000212752
0.000209984
0.000213565
0.000212271
0.000217476
0.000221557
0.000226093
0.000231221
0.000231039
0.000233907
0.000228845
0.000227076
0.000221391
0.000217154
0.000217196
0.000214581
0.000218513
0.000214841
0.000221403
0.000214065
0.000221617
0.000212691
0.000217064
0.000209162
0.000209641
0.000205867
0.000203975
0.000206166
0.000201312
0.000206222
0.000200775
0.000206238
0.000198926
0.000201631
0.000193997
0.000196732
0.000191056
0.000192937
0.000191416
0.000194084
0.000191772
0.000190424
0.000191518
0.000192735
0.000191666
0.000192373
0.00019333
0.000194913
0.000198096
0.000200996
0.000200313
0.000204507
0.000201409
0.000205535
0.000204254
0.000208276
0.000208299
0.000210509
0.000206875
0.000205838
0.000204476
0.000204703
0.000203557
0.000203211
0.000202698
0.000200727
0.000200655
0.000198719
0.000196689
0.000191632
0.000192992
0.000187123
0.000191067
0.000183536
0.000191004
0.000181682
0.000190674
0.000181179
0.000189626
0.000179867
0.000189639
0.000181084
0.000192715
0.000185917
0.000195608
0.000187408
0.000192808
0.000186592
0.000187695
0.00018534
0.000187922
0.000187484
0.000187488
0.000191611
0.000186076
0.000191468
0.000186044
0.000190715
0.000185834
0.000193724
0.000191036
0.000199427
0.000194276
0.000205054
0.000198004
0.000204331
0.000193235
0.000193658
0.000184201
0.000185209
0.000181493
0.000181436
0.000178485
0.000172905
0.000171526
0.000164501
0.000168563
0.000165949
0.000172731
0.000169568
0.000175322
0.000170415
0.000173993
0.000168058
0.000169077
0.000161753
0.000161976
0.000155746
0.000156713
0.00015339
0.000156427
0.000153878
0.000156555
0.000153615
0.000154867
0.000151077
0.000150244
0.000146438
0.000153644
0.000159059
0.000160638
0.000158973
0.000162715
0.000158944
0.00016473
0.000163007
0.000169868
0.000168991
0.000173903
0.000174787
0.000177325
0.000177143
0.000177992
0.000178147
0.000177727
0.000178037
0.000175824
0.000176207
0.000171537
0.000173722
0.000170875
0.000176895
0.000180824
0.000187067
0.000186726
0.000188416
0.000182733
0.000180949
0.000175767
0.00017402
0.000169901
0.000168909
0.000164774
0.00016518
0.000161393
0.00016172
0.00015933
0.000160271
0.000159814
0.000161387
0.000161675
0.000163587
0.000165429
0.00016544
0.000165382
0.000161982
0.000160405
0.000155067
0.000157788
0.000156328
0.000160475
0.000156931
0.000159413
0.000152662
0.000154139
0.000147418
0.000147993
0.000141421
0.000141994
0.00013369
0.000132828
0.000121319
0.000124288
0.00011605
0.000119389
0.000113725
0.000116858
0.000115175
0.000115858
0.000116936
0.000115536
0.000117863
0.000115937
0.000119568
0.000118137
0.000123939
0.000124241
0.000130722
0.00013152
0.000136274
0.000135004
0.00013847
0.000136856
0.000138878
0.000136477
0.000138184
0.000135117
0.000137236
0.00013332
0.00013502
0.000130327
0.000131926
0.000128425
0.000129168
0.00012721
0.000128118
0.000128598
0.000129248
0.000131092
0.000130874
0.000133235
0.000132818
0.000133975
0.000133583
0.000134129
0.00013368
0.000134299
0.000132546
0.000132858
0.000129579
0.000129073
0.000124725
0.000124035
0.000118878
0.000118997
0.000113451
0.000114783
0.000109027
0.000111172
0.000105645
0.000107803
0.000102545
0.000104436
9.98663e-05
0.000101086
9.7314e-05
9.78741e-05
9.44205e-05
9.32193e-05
9.15175e-05
9.1032e-05
9.05442e-05
9.02622e-05
9.03095e-05
9.02999e-05
9.01552e-05
9.0392e-05
9.03471e-05
9.02045e-05
9.02346e-05
8.937e-05
9.00882e-05
8.8756e-05
9.00039e-05
8.84317e-05
9.02787e-05
8.85931e-05
9.05186e-05
8.89894e-05
9.10607e-05
8.97736e-05
9.20758e-05
9.14182e-05
9.38516e-05
9.35225e-05
9.63451e-05
9.5725e-05
9.79431e-05
9.67895e-05
9.95889e-05
9.81906e-05
0.000100399
9.93859e-05
0.000100268
9.98506e-05
9.95753e-05
9.97319e-05
9.83783e-05
9.96028e-05
9.72679e-05
9.94864e-05
9.67952e-05
9.92933e-05
9.65055e-05
9.87894e-05
9.56168e-05
9.74654e-05
9.40472e-05
9.54257e-05
9.17975e-05
9.30455e-05
8.90141e-05
9.04201e-05
8.60208e-05
8.73851e-05
8.30119e-05
8.4123e-05
8.02187e-05
8.10544e-05
7.78341e-05
7.86191e-05
7.62205e-05
7.69349e-05
7.50641e-05
7.55207e-05
7.42702e-05
7.43402e-05
7.36808e-05
7.35169e-05
7.35519e-05
7.32992e-05
7.39155e-05
7.36439e-05
7.48589e-05
7.43684e-05
7.61304e-05
7.5327e-05
7.73941e-05
7.62242e-05
7.85956e-05
7.70204e-05
7.9353e-05
7.73399e-05
7.95971e-05
7.724e-05
7.96161e-05
7.71598e-05
7.95602e-05
7.71971e-05
7.92795e-05
7.72348e-05
7.89971e-05
7.73558e-05
7.90011e-05
7.72801e-05
7.74505e-05
7.72098e-05
7.78484e-05
7.84206e-05
7.87656e-05
7.96053e-05
7.97332e-05
8.05083e-05
8.03749e-05
8.1138e-05
8.06504e-05
