0.000292497
0.00014005
0.000198784
0.00029226
0.000143258
0.000199332
0.000290926
0.000140526
0.00019798
0.000290082
0.000143321
0.000198093
0.000288327
0.000140216
0.000196416
0.000287113
0.00014257
0.00019618
0.000285095
0.000139145
0.000194226
0.000283709
0.000141068
0.000193747
0.000281536
0.000137397
0.000191578
0.000280098
0.000138958
0.000190921
0.000277861
0.000135124
0.000188654
0.000276445
0.000136496
0.000187893
0.000274252
0.000132593
0.00018563
0.000272898
0.000133875
0.000184828
0.000270822
0.000129942
0.00018275
0.000269594
0.000131283
0.000182133
0.00026781
0.000127555
0.000180437
0.000266972
0.000129305
0.000180353
0.000265951
0.000126296
0.000179756
0.000266312
0.000129167
0.000181133
0.000266683
0.000127215
0.000181729
0.000268038
0.000130697
0.000183737
0.000269023
0.00012901
0.000184639
0.000270805
0.000132617
0.000186844
0.000272071
0.000130943
0.0001878
0.000274097
0.000134513
0.000190039
0.000275491
0.000132723
0.000190917
0.000277627
0.000136212
0.000193061
0.000279066
0.000134259
0.000193799
0.000281177
0.000137711
0.000195759
0.000282562
0.0001356
0.000196251
0.000284532
0.000139
0.000197915
0.000285669
0.000136709
0.000197986
0.000287347
0.000139974
0.000199248
0.000288015
0.000137446
0.000198747
0.000289244
0.000140471
0.000199497
0.000289354
0.000137635
0.000198402
0.000290047
0.000140386
0.00019864
0.000289658
0.000137245
0.000197121
0.000289933
0.00013985
0.00019728
0.00028931
0.000136948
0.000196331
0.000289768
0.000140112
0.000197123
0.00028937
0.000137566
0.000196361
0.000289658
0.000140849
0.00019721
0.000289024
0.000138343
0.000196376
0.000288974
0.000141461
0.000197017
0.000287999
0.000138732
0.000195901
0.000287537
0.000141522
0.000196203
0.000286187
0.00013851
0.000194734
0.000285365
0.00014088
0.000194706
0.000283648
0.000137592
0.000192881
0.000282555
0.000139535
0.000192561
0.000280543
0.000135999
0.000190458
0.000279271
0.000137599
0.000189909
0.0002771
0.000133886
0.000187666
0.000275767
0.00013529
0.000186995
0.000273592
0.000131508
0.000184756
0.000272331
0.000132851
0.000184112
0.000270308
0.000129129
0.000182111
0.000269304
0.00013064
0.0001818
0.000267717
0.000127252
0.000180387
0.00026725
0.000129319
0.000180733
0.000266587
0.000126648
0.000180501
0.000267233
0.000129674
0.000182093
0.000267684
0.000127659
0.000182696
0.000269049
0.000131043
0.000184662
0.000270032
0.000129179
0.000185499
0.000271795
0.000132699
0.000187597
0.000273091
0.000130873
0.000188471
0.000275092
0.000134445
0.000190556
0.000276512
0.000132575
0.00019132
0.000278554
0.000136149
0.000193254
0.000279915
0.000134157
0.000193786
0.000281814
0.00013766
0.000195458
0.000282933
0.000135466
0.000195627
0.000284535
0.000138797
0.000196951
0.000285263
0.000136334
0.000196657
0.000286474
0.00013941
0.000197585
0.000286725
0.000136652
0.000196795
0.000287508
0.000139446
0.000197338
0.000287284
0.000136426
0.00019612
0.000287692
0.000138998
0.000196359
0.000287156
0.000135836
0.000194974
0.000287405
0.00013854
0.000195533
0.000287005
0.000135954
0.000194814
0.000287706
0.000139167
0.000195846
0.000287431
0.000136773
0.000195131
0.000287911
0.00013995
0.000196002
0.000287313
0.000137433
0.000195104
0.000287356
0.000140401
0.000195694
0.000286365
0.000137608
0.000194514
0.000285944
0.000140257
0.000194758
0.000284557
0.000137167
0.00019325
0.000283744
0.00013946
0.000193158
0.000282014
0.000136112
0.000191344
0.000280922
0.000138061
0.000190987
0.000278967
0.000134512
0.000188971
0.000277741
0.000136205
0.000188458
0.000275724
0.000132551
0.00018638
0.000274527
0.00013411
0.000185848
0.000272604
0.000130458
0.000183879
0.000271595
0.000132023
0.000183569
0.00026992
0.000128519
0.000181947
0.000269249
0.000130299
0.000181978
0.000268004
0.000127122
0.000180861
0.000267975
0.000129426
0.000181767
0.000267759
0.000127102
0.000181831
0.000268769
0.000130218
0.000183542
0.000269329
0.000128275
0.000184012
0.00027084
0.000131649
0.000185928
0.000271746
0.000129802
0.000186518
0.000273487
0.000133266
0.000188456
0.000274538
0.00013139
0.000189014
0.000276336
0.000134854
0.000190854
0.000277398
0.000132857
0.000191284
0.000279114
0.000136273
0.000192936
0.000280074
0.000134091
0.000193152
0.000281595
0.000137394
0.000194548
0.000282337
0.000134979
0.000194466
0.000283588
0.000138109
0.000195568
0.000284022
0.000135445
0.000195129
0.000284967
0.000138365
0.000195931
0.000285044
0.00013548
0.000195115
0.000285691
0.0001382
0.000195644
0.000285439
0.000135163
0.000194508
0.000285867
0.000137775
0.000194861
0.000285461
0.000134795
0.000193737
0.000285955
0.000137786
0.000194619
0.00028581
0.000135366
0.000193969
0.000286533
0.000138542
0.000194932
0.000286174
0.000136081
0.000194075
0.000286502
0.000139115
0.000194796
0.000285734
0.000136488
0.000193735
0.000285608
0.000139284
0.000194208
0.000284457
0.000136413
0.000192897
0.000283948
0.000138916
0.000193082
0.000282493
0.000135809
0.000191532
0.000281724
0.000138023
0.000191472
0.000280069
0.000134722
0.000189739
0.00027916
0.000136695
0.000189514
0.000277422
0.000133266
0.000187696
0.000276491
0.000135081
0.0001874
0.000274783
0.000131593
0.000185617
0.000273933
0.000133348
0.00018541
0.000272355
0.000129888
0.000183805
0.000271682
0.000131699
0.00018376
0.000270334
0.000128398
0.000182381
0.000269946
0.000130388
0.00018261
0.000269009
0.000127373
0.000181772
0.000269319
0.000130009
0.000182929
0.000269335
0.000127805
0.000182999
0.00027041
0.000130972
0.000184629
0.000270906
0.000128981
0.000184925
0.000272284
0.000132285
0.000186669
0.000272983
0.000130315
0.000187018
0.000274491
0.000133639
0.000188754
0.000275264
0.000131595
0.000189062
0.000276791
0.000134888
0.000190711
0.000277562
0.000132718
0.000190911
0.000279034
0.000135951
0.000192414
0.000279731
0.000133625
0.000192436
0.000281075
0.00013677
0.000193737
0.000281615
0.000134272
0.00019351
0.000282767
0.000137301
0.000194564
0.000283073
0.000134627
0.000194028
0.000283976
0.000137513
0.000194802
0.000283986
0.000134664
0.000193932
0.000284613
0.000137403
0.00019443
0.000284335
0.000134406
0.000193285
0.000284727
0.000137057
0.000193665
0.000284273
0.000134186
0.00019271
0.000284776
0.00013726
0.000193591
0.000284567
0.000134735
0.000192882
0.000285053
0.000137821
0.00019368
0.000284573
0.000135228
0.00019279
0.000284728
0.000138181
0.000193407
0.000283926
0.000135453
0.000192341
0.000283758
0.000138184
0.000192773
0.000282667
0.000135283
0.000191497
0.000282251
0.000137757
0.000191734
0.000280933
0.00013469
0.000190265
0.00028035
0.000136921
0.000190335
0.000278882
0.000133713
0.000188728
0.00027821
0.000135748
0.00018868
0.000276673
0.000132443
0.000187023
0.000275986
0.000134355
0.000186951
0.000274465
0.000131006
0.00018534
0.000273837
0.00013288
0.000185304
0.000272417
0.000129565
0.000183805
0.000271933
0.000131506
0.000183895
0.000270721
0.000128331
0.000182621
0.000270512
0.000130485
0.000183044
0.000269825
0.000127718
0.000182483
0.000270384
0.000130576
0.000183735
0.000270455
0.000128363
0.000183772
0.000271466
0.000131488
0.000185308
0.000271859
0.00012937
0.000185489
0.0002731
0.000132572
0.000187104
0.00027367
0.000130453
0.000187326
0.000275037
0.000133682
0.000188935
0.000275696
0.000131514
0.000189118
0.000277103
0.000134734
0.000190656
0.000277762
0.000132483
0.000190721
0.000279129
0.000135656
0.00019212
0.000279694
0.000133285
0.000191986
0.000280932
0.000136371
0.000193185
0.000281315
0.000133851
0.000192791
0.000282347
0.000136816
0.000193744
0.000282474
0.000134128
0.00019305
0.00028325
0.000136945
0.000193736
0.000283091
0.000134082
0.000192755
0.000283599
0.000136754
0.000193194
0.00028319
0.000133751
0.000192048
0.000283474
0.000136415
0.000192534
0.000282997
0.00013367
0.000191738
0.000283522
0.000136724
0.000192614
0.000283236
0.00013416
0.0001919
0.000283644
0.000137185
0.000192669
0.000283146
0.000134538
0.000191803
0.000283295
0.000137426
0.000192395
0.000282539
0.000134653
0.000191348
0.000282431
0.000137343
0.000191773
0.000281431
0.000134421
0.000190545
0.000281111
0.000136887
0.000190799
0.000279905
0.000133824
0.000189401
0.000279427
0.00013608
0.000189513
0.000278074
0.000132901
0.000187999
0.000277506
0.000134993
0.000188031
0.000276085
0.000131742
0.000186482
0.000275509
0.000133736
0.000186504
0.000274109
0.000130473
0.000184998
0.000273609
0.000132451
0.000185087
0.00027232
0.000129259
0.00018371
0.000271991
0.00013132
0.000183957
0.000270937
0.000128276
0.000182849
0.000270944
0.000130606
0.000183525
0.000270512
0.000128046
0.000183158
0.000271207
0.000130965
0.000184475
0.000271302
0.000128731
0.000184461
0.000272329
0.000131812
0.000185957
0.000272681
0.000129641
0.000186042
0.000273897
0.000132791
0.00018758
0.000274393
0.000130612
0.000187678
0.000275694
0.000133791
0.000189178
0.000276247
0.00013156
0.000189216
0.000277543
0.000134727
0.000190619
0.000278059
0.000132404
0.00019052
0.000279269
0.000135513
0.000191767
0.000279658
0.00013306
0.000191469
0.000280709
0.00013607
0.00019252
0.000280905
0.000133466
0.000191985
0.000281751
0.000136348
0.000192819
0.000281712
0.000133586
0.000192033
0.000282334
0.00013633
0.000192653
0.000282062
0.000133427
0.000191644
0.000282481
0.000136057
0.000192117
0.000282019
0.000133101
0.000191061
0.00028234
0.000135874
0.000191757
0.000282002
0.000133275
0.000191064
0.000282573
0.000136311
0.00019195
0.000282261
0.000133736
0.000191209
0.000282646
0.000136683
0.000191946
0.000282107
0.000133995
0.000191038
0.000282241
0.000136795
0.000191593
0.000281461
0.000133983
0.000190512
0.000281356
0.000136609
0.000190903
0.000280361
0.000133662
0.000189674
0.000280068
0.000136105
0.000189924
0.000278907
0.000133036
0.000188575
0.000278484
0.000135316
0.000188721
0.000277224
0.000132156
0.000187308
0.000276748
0.000134318
0.000187414
0.000275464
0.000131118
0.000186004
0.000275016
0.000133221
0.000186135
0.000273787
0.000130047
0.000184794
0.000273445
0.000132165
0.000185018
0.000272349
0.000129075
0.000183805
0.000272189
0.000131267
0.000184198
0.000271343
0.000128329
0.000183275
0.000271588
0.000130855
0.000184192
0.000271349
0.000128417
0.000183899
0.000272126
0.000131367
0.000185219
0.000272237
0.000129116
0.000185127
0.000273257
0.000132172
0.000186554
0.000273546
0.000129959
0.000186513
0.000274692
0.000133059
0.000187947
0.000275064
0.000130817
0.000187892
0.000276244
0.000133922
0.000189268
0.000276631
0.000131609
0.000189142
0.000277774
0.000134685
0.000190415
0.000278107
0.000132269
0.000190163
0.000279153
0.000135281
0.000191291
0.000279369
0.000132742
0.00019087
0.000280274
0.000135665
0.000191828
0.00028033
0.000132995
0.000191211
0.000281065
0.000135816
0.00019199
0.000280936
0.000133021
0.000191169
0.000281497
0.000135737
0.000191773
0.000281189
0.00013284
0.000190788
0.000281586
0.000135492
0.00019132
0.000281152
0.00013265
0.000190398
0.000281573
0.00013555
0.000191219
0.000281296
0.000132971
0.000190519
0.000281813
0.000135946
0.000191345
0.000281425
0.00013332
0.00019054
0.000281737
0.000136181
0.000191217
0.00028113
0.000133448
0.000190262
0.000281221
0.000136174
0.000190785
0.00028041
0.000133335
0.00018969
0.000280308
0.000135913
0.000190086
0.000279331
0.000132967
0.00018888
0.000279092
0.000135399
0.000189177
0.000278
0.000132361
0.000187897
0.00027768
0.000134672
0.000188129
0.000276535
0.000131572
0.000186822
0.000276197
0.000133803
0.000187036
0.000275059
0.000130687
0.000185753
0.000274765
0.000132893
0.000185999
0.000273694
0.00012981
0.000184781
0.000273506
0.000132032
0.000185109
0.000272566
0.000129016
0.000184014
0.000272546
0.000131323
0.000184513
0.000271889
0.000128501
0.000183786
0.000272319
0.000131205
0.000184807
0.000272177
0.0001288
0.00018452
0.000272957
0.000131757
0.000185785
0.000273038
0.000129452
0.000185616
0.000273985
0.000132472
0.000186947
0.000274191
0.000130179
0.000186803
0.000275228
0.000133219
0.000188131
0.000275486
0.000130892
0.00018796
0.000276545
0.000133925
0.000189235
0.000276804
0.000131533
0.000188992
0.000277829
0.000134534
0.000190175
0.000278035
0.000132055
0.000189815
0.000278978
0.000134999
0.000190871
0.00027908
0.000172024
0.0002802
0.000383772
0.000263103
0.000308245
0.000357768
0.000224338
0.000275155
0.00033489
0.000218939
0.000263606
0.000318125
0.00021666
0.000260316
0.000312587
0.000223755
0.000260183
0.000304045
0.000221692
0.000250559
0.000290901
0.000224406
0.000251264
0.000281193
0.000230202
0.000247592
0.000276714
0.000235754
0.000253023
0.000272663
0.000240188
0.000247221
0.000270214
0.000249368
0.00025787
0.000287781
0.000259316
0.000286818
0.000307677
0.000309346
0.000316721
0.000333336
0.000339709
0.000363134
0.000361358
0.000358465
0.000378975
0.000377697
0.0003703
0.000403955
0.000409149
0.000403003
0.000417935
0.00044518
0.000421446
0.000441292
0.000443028
0.000430449
0.000446612
0.000467488
0.000447495
0.000466977
0.000460936
0.000467627
0.000495849
0.000503763
0.000464078
0.000511618
0.00049574
0.000464836
0.000484139
0.00049683
0.000458072
0.000487877
0.000542419
0.000503833
0.000507596
0.000531004
0.000472928
0.000478647
0.000519537
0.000482446
0.000481584
0.00049162
0.000469468
0.000461349
0.000476868
0.000469543
0.000444771
0.000457491
0.000447684
0.000436113
0.000458988
0.000452927
0.000438491
0.00044699
0.000404868
0.000429196
0.000433477
0.000407746
0.000387544
0.000404204
0.0003773
0.000385024
0.000384903
0.000369849
0.000367444
0.000362157
0.000341426
0.000364984
0.000364689
0.000349899
0.000366262
0.000372606
0.000343662
0.000381774
0.000353944
0.000365957
0.000347578
0.000353115
0.000336536
0.000337513
0.000315822
0.000318695
0.000294777
0.000295969
0.00027509
0.000273761
0.000258457
0.000258281
0.000243444
0.000246969
0.000232326
0.000240575
0.000228706
0.000235546
0.000221808
0.000225032
0.000210993
0.000213797
0.000200693
0.00020518
0.000194116
0.00020323
0.00019089
0.000199506
0.000186363
0.000195416
0.000183758
0.000192863
0.000183169
0.000191416
0.000185035
0.000192756
0.000188943
0.000196374
0.000191768
0.000197102
0.000192527
0.000197828
0.000193495
0.000198888
0.000193835
0.000200721
0.000195442
0.000203939
0.000197936
0.000210063
0.000208438
0.000226503
0.000231138
0.000250125
0.000254875
0.000267318
0.000267405
0.000279215
0.000288509
0.000308899
0.000315366
0.000331451
0.000340378
0.000355635
0.000346945
0.000342402
0.000342778
0.000347135
0.000354626
0.00035957
0.000353355
0.000361196
0.000370421
0.000387499
0.00038542
0.000380167
0.000384437
0.000380608
0.000372796
0.000367207
0.000378956
0.000378897
0.000377217
0.000365043
0.000352156
0.000364052
0.000364195
0.000352515
0.000365262
0.000357686
0.000354301
0.000357598
0.000346385
0.000335761
0.000342276
0.000325223
0.000331334
0.000308719
0.000304808
0.000288086
0.000288808
0.000281345
0.000281323
0.000278705
0.000270796
0.000267302
0.00025909
0.000258514
0.000261394
0.000251535
0.000265953
0.000264137
0.000257567
0.000255588
0.000257482
0.000258646
0.000259261
0.000255468
0.000252934
0.000243917
0.000244353
0.000235067
0.000236763
0.000236377
0.000234924
0.000234631
0.000230583
0.000232318
0.000228947
0.000227235
0.000224524
0.00022496
0.00022539
0.000224433
0.000218833
0.000212428
0.000207952
0.000207649
0.0002089
0.000205356
0.000204539
0.000198339
0.000198274
0.000193686
0.000197881
0.000195492
0.00019751
0.000196132
0.000198866
0.000199711
0.00020256
0.00020519
0.000203763
0.00020701
0.000202197
0.000205914
0.000200421
0.000207351
0.000205186
0.000213423
0.000212693
0.00021836
0.000220581
0.000222668
0.000226723
0.000222704
0.000228248
0.000223458
0.000234488
0.000230256
0.000240631
0.000233804
0.000240928
0.000232305
0.00023896
0.000232072
0.000239845
0.000237838
0.000245315
0.000241713
0.000244976
0.000239402
0.000241603
0.000234724
0.000235208
0.000230534
0.000232637
0.000232461
0.000234428
0.000234863
0.00023895
0.000240196
0.000249114
0.000249232
0.000256833
0.000254112
0.000258077
0.000254504
0.000255012
0.000252191
0.000251017
0.000246506
0.000237383
0.000224993
0.000223303
0.000217764
0.000216753
0.000209198
0.000199879
0.000192038
0.000186845
0.000180819
0.000178237
0.000172996
0.000169883
0.000165006
0.000163253
0.000161439
0.00015946
0.000159117
0.000157736
0.000158304
0.000156416
0.000156961
0.000155947
0.000156943
0.000156802
0.00015713
0.000157044
0.000155369
0.000155502
0.000152234
0.000153334
0.000150266
0.000151406
0.000148926
0.000149763
0.0001493
0.000150335
0.000152125
0.000153227
0.000156384
0.000157801
0.000160287
0.000162322
0.00016333
0.00016619
0.00016466
0.000168577
0.000165899
0.00017125
0.000169116
0.000173884
0.000173086
0.000177354
0.000179039
0.000183257
0.000185955
0.000189471
0.000191157
0.000191652
0.000191456
0.000191759
0.00019258
0.000193657
0.000194892
0.000191846
0.000197137
0.000197479
0.000200428
0.000211183
0.0002141
0.000206125
0.000211629
0.000207681
0.000209311
0.000210727
0.000209399
0.00021609
0.00021265
0.000215
0.000211549
0.000213695
0.000209187
0.000207778
0.000201865
0.000200829
0.000195475
0.00019688
0.000192435
0.000193315
0.000189696
0.000189928
0.000185803
0.000185699
0.000180574
0.000181935
0.000176815
0.000179668
0.000174996
0.000177715
0.000172775
0.000175174
0.000169037
0.000170376
0.000162292
0.000163044
0.000154625
0.000156194
0.000148176
0.00014975
0.000141925
0.000142901
0.000135204
0.000136444
0.000131057
0.000132616
0.000127825
0.000129063
0.000124595
0.000125327
0.000120781
0.000121242
0.000116962
0.000117217
0.000113051
0.000113263
0.000109336
0.000109956
0.000106366
0.000107601
0.00010419
0.000105774
0.000102741
0.000105178
0.000103256
0.000107067
0.00010618
0.000110391
0.000109755
0.000113528
0.000113091
0.00011583
0.000115529
0.000117341
0.000117637
0.000119186
0.000119568
0.000121448
0.000121342
0.000124003
0.000122982
0.000126964
0.000125963
0.00013181
0.000131
0.000137811
0.000137036
0.00014392
0.000142717
0.000149055
0.000147452
0.000152693
0.00015096
0.000155196
0.000153388
0.00015704
0.000155093
0.000158386
0.000156176
0.000159464
0.000156921
