0.000152063
0.000151575
0.000151972
0.000151484
0.00015188
0.000151392
0.000151787
0.0001513
0.000151694
0.000151207
0.000151601
0.000151114
0.000151508
0.000151022
0.000151415
0.000150931
0.000151324
0.000150841
0.000151235
0.000150752
0.000151147
0.000150665
0.000151062
0.000150581
0.000150978
0.000150499
0.000150897
0.000150419
0.000150819
0.000150342
0.000150743
0.000150268
0.000150671
0.000150198
0.000150602
0.000150131
0.000150536
0.000150067
0.000150474
0.000150007
0.000150416
0.000149952
0.000150363
0.000149901
0.000150314
0.000149854
0.000150269
0.000149813
0.00015023
0.000149776
0.000150195
0.000149744
0.000150166
0.000149718
0.000150142
0.000149697
0.000150124
0.000149681
0.000150111
0.00014967
0.000150102
0.000149665
0.0001501
0.000149664
0.000150102
0.000149669
0.000150109
0.000149678
0.000150121
0.000149692
0.000150137
0.00014971
0.000150158
0.000149733
0.000150183
0.000149759
0.000150212
0.00014979
0.000150244
0.000149824
0.000150281
0.000149862
0.00015032
0.000149903
0.000150363
0.000149947
0.000150409
0.000149994
0.000150457
0.000150043
0.000150508
0.000150095
0.000150561
0.00015015
0.000150617
0.000150206
0.000150674
0.000150264
0.000150733
0.000150323
0.000150793
0.000150384
0.000150855
0.000150446
0.000150918
0.000150509
0.000150982
0.000150573
0.000151046
0.000150637
0.00015111
0.000150701
0.000151175
0.000150765
0.000151239
0.000150829
0.000151303
0.000150892
0.000151366
0.000150954
0.000151428
0.000151014
0.000151488
0.000151073
0.000151547
0.000151131
0.000151604
0.000151186
0.000151659
0.000151239
0.000151711
0.00015129
0.00015176
0.000151337
0.000151807
0.000151382
0.000151851
0.000151424
0.000151891
0.000151463
0.000151929
0.000151499
0.000151962
0.000151531
0.000151993
0.000151559
0.00015202
0.000151584
0.000152043
0.000151606
0.000152063
0.000151624
0.000152079
0.000151638
0.000152091
0.000151649
0.0001521
0.000151656
0.000152106
0.00015166
0.000152108
0.00015166
0.000152106
0.000151657
0.000152101
0.00015165
0.000152093
0.00015164
0.000152081
0.000151627
0.000152067
0.000151611
0.000152049
0.000151592
0.000152028
0.00015157
0.000152005
0.000151545
0.000151979
0.000151518
0.00015195
0.000151488
0.000151918
0.000151456
0.000151885
0.000151421
0.000151849
0.000151385
0.000151811
0.000151346
0.000151772
0.000151306
0.000151731
0.000151265
0.000151688
0.000151222
0.000151644
0.000151178
0.000151599
0.000151133
0.000151554
0.000151087
0.000151508
0.000151041
0.000151461
0.000150995
0.000151414
0.000150948
0.000151368
0.000150902
0.000151321
0.000150856
0.000151275
0.00015081
0.000151229
0.000150765
0.000151184
0.000150721
0.00015114
0.000150677
0.000151097
0.000150635
0.000151055
0.000150594
0.000151015
0.000150554
0.000150975
0.000150515
0.000150937
0.000150478
0.000150901
0.000150443
0.000150866
0.000150409
0.000150833
0.000150377
0.000150802
0.000150347
0.000150772
0.000150319
0.000150745
0.000150293
0.000150719
0.000150268
0.000150696
0.000150246
0.000150674
0.000150226
0.000150655
0.000150207
0.000150637
0.000150191
0.000150622
0.000150177
0.000150609
0.000150166
0.000150599
0.000150156
0.00015059
0.000150148
0.000150583
0.000150143
0.000150579
0.00015014
0.000150577
0.000150138
0.000150576
0.000150139
0.000150578
0.000150142
0.000150582
0.000150147
0.000150588
0.000150153
0.000150595
0.000150161
0.000150604
0.000150171
0.000150615
0.000150183
0.000150628
0.000150196
0.000150642
0.000150211
0.000150657
0.000150227
0.000150673
0.000150244
0.000150691
0.000150262
0.00015071
0.000150281
0.00015073
0.000150301
0.00015075
0.000150321
0.000150771
0.000150342
0.000150793
0.000150364
0.000150815
0.000150386
0.000150837
0.000150408
0.00015086
0.000150431
0.000150882
0.000150453
0.000150905
0.000150475
0.000150927
0.000150497
0.000150949
0.000150519
0.000150971
0.00015054
0.000150992
0.000150561
0.000151013
0.000150581
0.000151033
0.000150601
0.000151053
0.000150619
0.000151071
0.000150637
0.000151089
0.000150654
0.000151106
0.00015067
0.000151121
0.000150685
0.000151136
0.000150698
0.000151149
0.000150711
0.000151161
0.000150722
0.000151172
0.000150732
0.000151181
0.00015074
0.000151189
0.000150747
0.000151195
0.000150753
0.0001512
0.000150757
0.000151204
0.000150759
0.000151206
0.000150761
0.000151207
0.000150761
0.000151206
0.000150759
0.000151204
0.000150756
0.0001512
0.000150752
0.000151195
0.000150746
0.000151189
0.00015074
0.000151182
0.000150732
0.000151174
0.000150723
0.000151164
0.000150713
0.000151154
0.000150701
0.000151142
0.00015069
0.00015113
0.000150677
0.000151117
0.000150663
0.000151103
0.000150649
0.000151089
0.000150634
0.000151074
0.000150619
0.000151058
0.000150603
0.000151042
0.000150587
0.000151026
0.00015057
0.000151009
0.000150554
0.000150992
0.000150537
0.000150975
0.00015052
0.000150958
0.000150503
0.000150941
0.000150486
0.000150924
0.000150469
0.000150907
0.000150452
0.000150891
0.000150435
0.000150874
0.000150419
0.000150858
0.000150403
0.000150843
0.000150388
0.000150827
0.000150373
0.000150813
0.000150359
0.000150799
0.000150345
0.000150785
0.000150332
0.000150773
0.00015032
0.000150761
0.000150308
0.00015075
0.000150297
0.00015074
0.000150288
0.00015073
0.000150279
0.000150722
0.000150271
0.000150714
0.000150264
0.000150708
0.000150258
0.000150702
0.000150253
0.000150697
0.000150249
0.000150694
0.000150245
0.000150691
0.000150243
0.00015069
0.000150242
0.000150689
0.000150242
0.000150689
0.000150243
0.000150691
0.000150245
0.000150693
0.000150248
0.000150697
0.000150252
0.000150701
0.000150256
0.000150706
0.000150262
0.000150712
0.000150268
0.000150719
0.000150275
0.000150726
0.000150283
0.000150735
0.000150292
0.000150744
0.000150301
0.000150754
0.000150311
0.000150764
0.000150322
0.000150775
0.000150333
0.000150787
0.000150345
0.000150799
0.000150357
0.000150811
0.00015037
0.000150824
0.000150383
0.000150837
0.000150396
0.000150851
0.00015041
0.000150865
0.000150423
0.000150878
0.000150437
0.000150892
0.000150451
0.000150907
0.000150465
0.000150921
0.000150479
0.000150935
0.000150493
0.000150948
0.000150506
0.000150962
0.00015052
0.000150976
0.000150533
0.000150989
0.000150546
0.000151002
0.000150559
0.000151014
0.000150571
0.000151026
0.000150582
0.000151038
0.000150594
0.000151049
0.000150604
0.000151059
0.000150615
0.000151069
0.000150624
0.000151079
0.000150633
0.000151087
0.000150642
0.000151095
0.000150649
0.000151103
0.000150656
0.00015111
0.000148804
0.00014594
0.000142452
0.000138512
0.000134396
0.000130197
0.000125867
0.000122017
0.000118022
0.000114227
0.000110365
0.000106606
0.000102856
9.91726e-05
9.55879e-05
9.20075e-05
8.85967e-05
8.51386e-05
8.19047e-05
7.85827e-05
7.55124e-05
7.23512e-05
6.94675e-05
6.65159e-05
6.38854e-05
6.11831e-05
5.8766e-05
5.6289e-05
5.416e-05
5.20066e-05
5.01095e-05
4.81999e-05
4.65609e-05
4.49398e-05
4.36132e-05
4.23004e-05
4.12518e-05
4.0182e-05
3.93949e-05
3.8576e-05
3.79758e-05
3.74222e-05
3.712e-05
3.68952e-05
3.69955e-05
3.70165e-05
3.72095e-05
3.72342e-05
3.7469e-05
3.73541e-05
3.75777e-05
3.77027e-05
3.80981e-05
3.83184e-05
3.88367e-05
3.92339e-05
4.00351e-05
4.07719e-05
4.12985e-05
4.28539e-05
4.45548e-05
4.63542e-05
4.70743e-05
4.92187e-05
5.04815e-05
5.15485e-05
5.33678e-05
5.43402e-05
5.68384e-05
5.86192e-05
6.13717e-05
6.34381e-05
6.60889e-05
6.7995e-05
7.04176e-05
7.24572e-05
7.50297e-05
7.70425e-05
7.99392e-05
8.16423e-05
8.39572e-05
8.52624e-05
8.69969e-05
8.85394e-05
9.07966e-05
9.22292e-05
9.50348e-05
9.67144e-05
9.92221e-05
0.000101058
0.000103474
0.000105265
0.00010757
0.000109213
0.000111045
0.0001124
0.000113873
0.000114701
0.000115472
0.000116055
0.000116199
0.000115915
0.000115007
0.000113869
0.000111936
0.000109958
0.000107221
0.000105076
0.00010193
9.91953e-05
9.59383e-05
9.33239e-05
8.98792e-05
8.74103e-05
8.43915e-05
8.25774e-05
7.9669e-05
7.79797e-05
7.52371e-05
7.36902e-05
7.12868e-05
6.99711e-05
6.78543e-05
6.64963e-05
6.4471e-05
6.30375e-05
6.10492e-05
5.95642e-05
5.76523e-05
5.62458e-05
5.4618e-05
5.34645e-05
5.21148e-05
5.10588e-05
4.97341e-05
4.86213e-05
4.73223e-05
4.6227e-05
4.5e-05
4.40043e-05
4.29753e-05
4.21794e-05
4.13944e-05
4.08261e-05
4.02946e-05
3.99419e-05
3.96116e-05
3.94278e-05
3.92646e-05
3.9226e-05
3.92118e-05
3.93101e-05
3.94326e-05
3.96563e-05
3.98832e-05
4.02086e-05
4.05161e-05
4.09338e-05
4.1326e-05
4.18546e-05
4.23533e-05
4.30102e-05
4.36265e-05
4.44142e-05
4.51226e-05
4.60074e-05
4.67949e-05
4.7778e-05
4.87057e-05
4.98101e-05
5.08125e-05
5.20468e-05
5.31935e-05
5.45779e-05
5.58763e-05
5.73807e-05
5.87288e-05
6.03071e-05
6.17323e-05
6.34369e-05
6.49694e-05
6.67798e-05
6.8355e-05
7.01907e-05
7.17221e-05
7.35207e-05
7.49473e-05
7.66591e-05
7.79023e-05
7.94373e-05
8.04073e-05
8.17041e-05
8.23419e-05
8.33687e-05
8.37081e-05
8.45271e-05
8.46863e-05
8.53738e-05
8.54403e-05
8.60301e-05
8.60344e-05
8.65421e-05
8.65003e-05
8.69336e-05
8.68103e-05
8.71126e-05
8.68407e-05
8.69672e-05
8.65454e-05
8.65577e-05
8.60867e-05
8.60256e-05
8.55869e-05
8.55413e-05
8.52535e-05
8.53572e-05
8.52891e-05
8.54983e-05
8.56088e-05
8.58724e-05
8.59742e-05
8.60278e-05
8.58877e-05
8.56674e-05
8.52251e-05
8.47962e-05
8.42263e-05
8.37539e-05
8.31614e-05
8.2754e-05
8.22395e-05
8.19089e-05
8.14538e-05
8.12244e-05
8.08813e-05
8.07745e-05
8.05032e-05
8.04788e-05
8.02542e-05
8.03385e-05
8.01561e-05
8.0343e-05
8.01551e-05
8.03842e-05
8.01121e-05
8.02442e-05
7.98021e-05
7.96873e-05
7.90886e-05
7.87276e-05
7.8086e-05
7.75907e-05
7.69801e-05
7.64649e-05
7.58799e-05
7.54204e-05
7.48432e-05
7.44653e-05
7.3885e-05
7.35722e-05
7.30036e-05
7.27434e-05
7.22075e-05
7.1985e-05
7.14747e-05
7.1256e-05
7.07163e-05
7.04796e-05
6.99092e-05
6.9737e-05
6.92088e-05
6.91529e-05
6.86474e-05
6.8691e-05
6.81744e-05
6.83104e-05
6.78226e-05
6.80312e-05
6.75952e-05
6.78209e-05
6.74228e-05
6.76427e-05
6.72705e-05
6.74991e-05
6.71563e-05
6.74078e-05
6.70889e-05
6.73641e-05
6.70727e-05
6.73726e-05
6.72304e-05
6.7804e-05
6.77869e-05
6.8396e-05
6.8363e-05
6.90216e-05
6.89849e-05
6.96105e-05
6.95605e-05
7.01493e-05
7.00566e-05
7.0738e-05
7.07262e-05
7.1445e-05
7.15466e-05
7.22718e-05
7.24531e-05
7.32121e-05
7.34792e-05
7.42555e-05
7.45837e-05
7.53613e-05
7.57189e-05
7.64777e-05
7.68283e-05
7.755e-05
7.78626e-05
7.8528e-05
7.87725e-05
7.93641e-05
7.9517e-05
8.00271e-05
8.00742e-05
8.04978e-05
8.04237e-05
8.0753e-05
8.05446e-05
8.07752e-05
8.04302e-05
8.05618e-05
8.00853e-05
8.01124e-05
7.95089e-05
7.94222e-05
7.86989e-05
7.85151e-05
7.77011e-05
7.7405e-05
7.6513e-05
7.61355e-05
7.51901e-05
7.47556e-05
7.37774e-05
7.33073e-05
7.2331e-05
7.18514e-05
7.08747e-05
7.03987e-05
6.94472e-05
6.89696e-05
6.80446e-05
6.75766e-05
6.66855e-05
6.62333e-05
6.53864e-05
6.4961e-05
6.41619e-05
6.37711e-05
6.30273e-05
6.2679e-05
6.19944e-05
6.16945e-05
6.10716e-05
6.08258e-05
6.02672e-05
6.0079e-05
5.95859e-05
5.94566e-05
5.90291e-05
5.89572e-05
5.85922e-05
5.85769e-05
5.82732e-05
5.83129e-05
5.80687e-05
5.81629e-05
5.79771e-05
5.81285e-05
5.80031e-05
5.82187e-05
5.81812e-05
5.84792e-05
5.84978e-05
5.88733e-05
5.89634e-05
5.94183e-05
5.9577e-05
6.01108e-05
6.03344e-05
6.09444e-05
6.12281e-05
6.19098e-05
6.22475e-05
6.29945e-05
6.33792e-05
6.41838e-05
6.46074e-05
6.54608e-05
6.59152e-05
6.68093e-05
6.72872e-05
6.8216e-05
6.87119e-05
6.96708e-05
7.01803e-05
7.11633e-05
7.168e-05
7.26771e-05
7.31901e-05
7.41866e-05
7.46824e-05
7.56614e-05
7.61271e-05
7.70727e-05
7.74954e-05
7.83922e-05
7.87611e-05
7.95977e-05
7.99025e-05
8.06686e-05
8.08994e-05
8.15864e-05
8.17359e-05
8.23394e-05
8.2407e-05
8.29295e-05
8.29182e-05
8.33637e-05
8.32744e-05
8.36432e-05
8.34718e-05
8.376e-05
8.35003e-05
8.37018e-05
8.33496e-05
8.34607e-05
8.30169e-05
8.30373e-05
8.25078e-05
8.24412e-05
8.18361e-05
8.16913e-05
8.10232e-05
8.08112e-05
8.00929e-05
7.98249e-05
7.90674e-05
7.87535e-05
7.79662e-05
7.76156e-05
7.68068e-05
7.64422e-05
7.56288e-05
7.52423e-05
7.44238e-05
7.40283e-05
7.32114e-05
7.28125e-05
7.20031e-05
7.16085e-05
7.08137e-05
7.04303e-05
6.96573e-05
6.92907e-05
6.85458e-05
6.82003e-05
6.74891e-05
6.7168e-05
6.64949e-05
6.6201e-05
6.55688e-05
6.53044e-05
6.47153e-05
6.44839e-05
6.39402e-05
6.37463e-05
6.32499e-05
6.30984e-05
6.26518e-05
6.25477e-05
6.21536e-05
6.21025e-05
6.17639e-05
6.17699e-05
6.14893e-05
6.15539e-05
6.13566e-05
6.14953e-05
6.13464e-05
6.15401e-05
6.14458e-05
6.16883e-05
6.16451e-05
6.19305e-05
6.19353e-05
6.2259e-05
6.23086e-05
6.2667e-05
6.27577e-05
6.31488e-05
6.3277e-05
6.37001e-05
6.38625e-05
6.43178e-05
6.45112e-05
6.49988e-05
6.522e-05
6.57398e-05
6.59855e-05
6.65374e-05
6.68047e-05
6.73866e-05
6.7671e-05
6.82796e-05
6.85756e-05
6.9206e-05
6.9507e-05
7.01534e-05
7.0452e-05
7.11078e-05
7.13967e-05
7.20551e-05
7.23269e-05
7.29813e-05
7.32284e-05
7.38726e-05
7.40877e-05
7.47148e-05
7.48907e-05
7.54936e-05
7.56235e-05
7.61947e-05
7.62721e-05
7.68039e-05
7.68239e-05
7.73091e-05
7.72683e-05
7.77008e-05
7.75978e-05
7.79732e-05
7.78082e-05
7.81234e-05
7.7898e-05
7.81517e-05
7.78686e-05
7.8061e-05
7.7724e-05
7.7857e-05
7.74705e-05
7.75468e-05
7.71157e-05
7.71391e-05
7.66691e-05
7.66441e-05
7.61415e-05
7.60736e-05
7.55446e-05
7.54401e-05
7.48912e-05
7.47566e-05
7.41936e-05
7.40353e-05
7.34635e-05
7.32875e-05
7.27122e-05
7.25242e-05
7.19506e-05
7.17562e-05
7.11898e-05
7.09944e-05
7.04406e-05
7.02495e-05
6.97131e-05
6.95309e-05
6.90158e-05
6.88464e-05
6.83555e-05
6.82025e-05
6.77375e-05
6.76038e-05
6.71659e-05
6.70541e-05
6.6644e-05
6.65565e-05
6.61749e-05
6.61142e-05
6.57618e-05
6.57304e-05
6.54082e-05
6.54085e-05
6.51175e-05
6.51517e-05
6.48926e-05
6.49627e-05
6.47358e-05
6.48433e-05
6.46488e-05
6.4795e-05
6.46328e-05
6.48188e-05
6.46884e-05
6.49146e-05
6.48155e-05
6.50819e-05
6.50132e-05
6.53192e-05
6.52797e-05
6.56242e-05
6.56122e-05
6.59936e-05
6.6007e-05
6.64231e-05
6.64593e-05
6.69077e-05
6.69637e-05
6.74415e-05
6.75141e-05
6.80183e-05
6.8104e-05
6.86314e-05
6.87268e-05
6.92738e-05
6.93754e-05
6.99382e-05
7.00424e-05
7.0617e-05
7.07201e-05
7.13023e-05
7.14009e-05
7.19862e-05
7.20767e-05
7.26605e-05
7.27393e-05
7.33168e-05
7.33799e-05
7.39464e-05
7.39899e-05
7.45407e-05
7.45605e-05
7.5091e-05
7.50831e-05
7.55896e-05
7.55503e-05
7.60285e-05
7.59545e-05
7.64008e-05
7.62896e-05
7.67008e-05
7.65505e-05
7.6924e-05
7.67335e-05
7.7067e-05
7.68362e-05
7.71284e-05
7.68576e-05
7.71072e-05
7.67975e-05
7.7004e-05
7.66568e-05
7.68205e-05
7.6438e-05
7.65599e-05
7.61445e-05
7.62264e-05
7.5781e-05
7.58253e-05
7.53532e-05
7.5363e-05
7.48676e-05
7.48463e-05
7.43311e-05
7.42824e-05
7.37513e-05
7.36791e-05
7.31359e-05
7.30446e-05
7.2493e-05
7.23871e-05
7.18312e-05
7.17151e-05
7.11588e-05
7.10371e-05
7.04842e-05
7.03614e-05
6.98157e-05
6.9696e-05
6.91615e-05
6.90489e-05
6.8529e-05
6.84273e-05
6.79256e-05
6.78383e-05
6.7358e-05
6.72881e-05
6.68322e-05
6.67825e-05
6.63536e-05
6.63267e-05
6.59271e-05
6.59251e-05
6.55567e-05
6.55817e-05
6.5246e-05
6.52997e-05
6.4998e-05
6.5082e-05
6.48151e-05
6.49306e-05
6.4699e-05
6.48471e-05
6.46507e-05
6.48321e-05
6.46706e-05
6.48859e-05
6.47586e-05
6.50078e-05
6.49136e-05
6.51964e-05
6.5134e-05
6.545e-05
6.54176e-05
6.57657e-05
6.57614e-05
6.61404e-05
6.61619e-05
6.65702e-05
6.6615e-05
6.70506e-05
6.71161e-05
6.75767e-05
6.76599e-05
6.81429e-05
6.82408e-05
6.87433e-05
6.88526e-05
6.93712e-05
6.94884e-05
7.00198e-05
7.01411e-05
7.06815e-05
7.08032e-05
7.13484e-05
7.14667e-05
7.20125e-05
7.21234e-05
7.26653e-05
7.27647e-05
7.32982e-05
7.33821e-05
7.39025e-05
7.39669e-05
7.44698e-05
7.45111e-05
7.4992e-05
7.50068e-05
7.54618e-05
7.54469e-05
7.58722e-05
7.58248e-05
7.62172e-05
7.6135e-05
7.64917e-05
7.63728e-05
7.66917e-05
7.65347e-05
7.68142e-05
7.66184e-05
7.68577e-05
7.6623e-05
7.68218e-05
7.65489e-05
7.67075e-05
7.63977e-05
7.6517e-05
7.61723e-05
7.6254e-05
7.58767e-05
7.59231e-05
7.55163e-05
7.553e-05
7.50971e-05
7.50812e-05
7.46261e-05
7.4584e-05
7.41108e-05
7.40462e-05
7.35591e-05
7.34761e-05
7.29794e-05
7.28818e-05
7.23798e-05
7.22719e-05
7.17686e-05
7.16544e-05
7.11539e-05
7.10373e-05
7.05432e-05
7.04281e-05
6.99437e-05
6.98338e-05
6.93623e-05
6.92609e-05
6.8805e-05
6.87153e-05
6.82776e-05
6.82023e-05
6.77851e-05
6.7727e-05
6.73322e-05
6.72935e-05
6.6923e-05
6.69058e-05
6.657e-05
6.65827e-05
6.62706e-05
6.63083e-05
6.60233e-05
6.6087e-05
6.58293e-05
6.59198e-05
6.56899e-05
6.58079e-05
6.56063e-05
6.57528e-05
6.55797e-05
6.57552e-05
6.56108e-05
6.58156e-05
6.56993e-05
6.59336e-05
6.58446e-05
6.61079e-05
6.6045e-05
6.63365e-05
6.62981e-05
6.66168e-05
6.66011e-05
6.69454e-05
6.69503e-05
6.73184e-05
6.73418e-05
6.77318e-05
6.77711e-05
6.81807e-05
6.82334e-05
6.86601e-05
6.87233e-05
6.91645e-05
6.92354e-05
6.96882e-05
6.97635e-05
7.0225e-05
7.03016e-05
7.07684e-05
7.0843e-05
7.1312e-05
7.13811e-05
7.18488e-05
7.19093e-05
7.23723e-05
7.24208e-05
7.28755e-05
7.29091e-05
7.33521e-05
7.33679e-05
7.37958e-05
7.3791e-05
7.42006e-05
7.4173e-05
7.45612e-05
7.45086e-05
7.48729e-05
7.47936e-05
7.51317e-05
7.50243e-05
7.53344e-05
7.51978e-05
7.54784e-05
7.53121e-05
7.55621e-05
7.53661e-05
7.5585e-05
7.53593e-05
7.5547e-05
7.52924e-05
7.54493e-05
7.51669e-05
7.52939e-05
7.4985e-05
7.50833e-05
7.47499e-05
7.48212e-05
7.44653e-05
7.45116e-05
7.41356e-05
7.41593e-05
7.37658e-05
7.37696e-05
7.33612e-05
7.33479e-05
7.29277e-05
7.29003e-05
7.24712e-05
7.24329e-05
7.19979e-05
7.19518e-05
7.1514e-05
7.14634e-05
7.10257e-05
7.09737e-05
7.05391e-05
7.04889e-05
7.00601e-05
7.00147e-05
6.95945e-05
6.95568e-05
6.91477e-05
6.91203e-05
6.87247e-05
6.87102e-05
6.83301e-05
6.83308e-05
6.79682e-05
6.7986e-05
6.76425e-05
6.76792e-05
6.73561e-05
6.74134e-05
6.71118e-05
6.71908e-05
6.69116e-05
6.70134e-05
6.67572e-05
6.68826e-05
6.66496e-05
6.67992e-05
6.65896e-05
6.67638e-05
6.65774e-05
6.67762e-05
6.66128e-05
6.68361e-05
6.66949e-05
6.69424e-05
6.68229e-05
6.7094e-05
6.69951e-05
6.72891e-05
6.72097e-05
6.75254e-05
6.74642e-05
6.78005e-05
6.77559e-05
6.81116e-05
6.8082e-05
6.8455e-05
6.84385e-05
6.88271e-05
6.88216e-05
6.92235e-05
6.92269e-05
6.96401e-05
6.965e-05
7.00716e-05
7.00857e-05
7.05142e-05
7.05302e-05
7.09628e-05
