29941.1
30002.3
30116.2
30192.4
30281.6
30362.3
30409.4
30485.7
30525.1
30578.4
30583.1
30586.2
30615.9
30603.5
30617.9
30596.5
30584.6
30570.6
30571.3
30563.7
30553.2
30554.5
30554.6
30559
30560.5
30549.1
30554.6
30561.5
30564.1
30569.7
30571.6
30575.1
30575.8
30580.5
30580.3
30583.6
30574.1
30580.9
30582.5
30585.1
30584.4
30585.9
30584.5
30585.6
30584.1
30585.2
30583.6
30584.9
30583.5
30584.9
30583.5
30584.9
30583.5
30582.2
30582.3
30581.6
30582.1
30581.6
30582.1
30581.7
30582.2
30581.7
30582.2
30581.7
30582
30581.5
30581.8
30581.2
30581.5
30580.8
30581.1
30580.4
30580.6
30580.5
30580.5
30580.3
30580.2
30579.9
30580.5
30579.9
30580.3
30579.6
30580
30579.3
30579.9
30579
30579.7
30578.9
30579.6
30578.9
30579.7
30579.1
30579.9
30579.4
30580.2
30579.8
30580.4
30579.9
30580.6
30580.1
30580.4
30580
30580.4
30580.1
30580.4
30580.1
30580.4
30580.1
30580.3
30580.1
30580.2
30580.1
30580.3
30580.2
30580.3
30580.3
30580.4
30580.4
30580.5
30580.5
30580.6
30580.6
30580.7
30580.5
30580.7
30580.5
30580.7
30580.4
30580.6
30580.5
30580.7
30580.5
30580.7
30580.5
30580.7
30580.6
30580.7
30580.5
30580.7
30580.5
30580.6
30580.5
30580.6
30580.4
30580.5
30580.4
30580.5
30580.3
30580.5
30580.2
30580.4
30580.2
30580.3
30580.1
30580.3
30580
30580.2
30579.9
30580.3
30579.9
30580.2
30579.8
30580.3
30579.9
30580.3
30579.9
30580.4
30579.9
30580.4
30579.8
30580.4
30579.8
30580.5
30579.9
30580.4
30579.7
30580.5
30579.9
30580.4
30579.8
30580.4
30579.8
30580.4
30579.8
30580.4
30579.8
30580.4
30579.9
30580.3
30579.8
30580.2
30579.8
30580.2
30579.9
30580.2
30579.9
30580.3
30579.9
30580.3
30579.9
30580.4
30579.9
30580.4
30580
30580.4
30580
30580.5
30593.5
30651
30677.3
30733.3
30732.1
30783.5
30778.1
30818.4
30805.1
30810.9
30792.9
30798.3
30775.8
30828.2
30809.3
30812.8
30830.6
30822.1
30795
30784.6
30766.2
30824.9
30774.2
30754.9
30714
30726.6
30689.6
30683.3
30654.3
30664.6
30631.6
30537.1
30562.6
30581.3
30588.3
30587.1
30578
30578.2
30576.3
30594.2
30593.9
30631
30629.4
30661.3
30694.1
30716.2
30717.5
30724
30745.6
30774.9
30779.6
30740.1
30763
30750.8
30744.8
30718.9
30724.5
30742.1
30742.9
30744.4
30751.8
30724
30736.7
30746.3
30718.8
30701.2
30694.5
30687.9
30649.6
30651.3
30634.3
30644.6
30625.6
30623.6
30618.8
30639.1
30646.5
30645.9
30653.1
30649.3
30651.4
30656.6
30653.7
30599.1
30625
30672.1
30665.9
30685.9
30653.7
30691.2
30683.9
30744.2
30717.7
30718.4
30702.8
30721.2
30645.8
30692.1
30679
30692.7
30695
30649.8
30665.3
30681.3
30680.9
30670.2
30664.1
30673.3
30672.8
30677.9
30677
30667.8
30693.5
30647.5
30647.8
30635.1
30621.4
30607.9
30590.7
30575.6
30580.3
30568.3
30559.2
30551.8
30550.6
30553.1
30554
30549.5
30552.8
30553.5
30560.4
30555.8
30567.2
30568.2
30581.5
30584.5
30601
30596.9
30612.1
30609.7
30601.1
30605.9
30613.3
30605.5
30615.9
30612.3
30618
30575.7
30593.1
30591.9
30594.8
30586.1
30582.7
30575.4
30573.6
30565.8
30559.8
30554.6
30559.1
30538
30555.9
30553.4
30539.3
30523.1
30523.4
30540.8
30533.7
30511.9
30509.4
30506.1
30506.9
30541.3
30520
30519.2
30520.2
30521.4
30534.5
30546.8
30554.4
30565.5
30558.3
30571.3
30576
30583.4
30575.2
30584.1
30578.2
30588.5
30583.3
30591.6
30585.7
30593.1
30587.2
30594.2
30588.1
30594.9
30588.5
30653.1
30624.1
30610.6
30593.3
30586.2
30586.2
30588.2
30601.3
30593.9
30582.7
30588.8
30594.3
30587.1
30573.8
30581.8
30539.7
30566
30560.1
30568.8
30562
30568.2
30560.6
30567
30560
30566.9
30560.3
30567.8
30561.2
30569
30533.6
30559
30559.6
30573.1
30566.3
30576
30570.5
30579.9
30571
30581.1
30549.7
30565.9
30575.1
30580.4
30583.2
30584.1
30585.5
30585.4
30586.2
30585.6
30585.8
30584.8
30584.6
30583.1
30582.5
30581.5
30581.1
30577.8
30575.4
30573.4
30572.3
30570.1
30569
30567
30566.2
30564.4
30563.9
30562.4
30562.2
30561.1
30561.1
30560.3
30560.7
30560.3
30561
30560.9
30562
30562.2
30563.6
30564.2
30565.8
30566.5
30568.2
30569.1
30570.8
30571.7
30572.7
30576
30575.5
30580.2
30578.2
30581.4
30579.9
30582.1
30581.4
30580.5
30579.8
30578
