40072.1
40072.2
40072.1
40072.1
40072.1
40072
40072
40072
40071.9
40071.8
40071.8
40071.8
40071.7
40071.7
40071.7
40071.6
40071.7
40071.7
40071.7
40071.7
40071.7
40071.8
40071.9
40071.9
40071.8
40071.8
40071.9
40071.8
40071.8
40071.8
40071.9
40072
40072
40072.1
40072.2
40072.2
40072.4
40072.4
40072.5
40072.7
40072.8
40073
40073.2
40073.2
40073.3
40072.9
40071.6
40069.6
40068
40065.9
40065.8
40257.6
40690.4
40836.4
40755.7
40871.2
41277.5
42445.6
42348.9
42425.5
42879.8
43390.4
43607.8
43546.6
44318.9
45854.4
45644.5
46155.2
47724.4
47657.6
47812
48062.5
48307.9
48004
48488.8
51085.3
51248.8
51493.9
50821.9
52519.1
52607.3
52046.7
51054.6
51833.4
52235
51127.8
49460.8
49493.7
48688.4
47841.3
48919.3
48215.8
47401.2
45487.1
45245.5
44605.5
43766.8
43405.8
42026.8
41330.1
41363
41460.9
41183.8
40685.6
41969.6
41382.7
40816.5
40746.6
40883.8
40817.3
40502.8
40451.5
41380.9
41183.5
40835.3
41814.5
41814.9
41409.8
40803.5
41581.4
41047.4
40957.7
40914.4
40629.9
41509.5
41998
42168.4
42741.7
42576.8
42917
43366.8
43599.6
43723.9
43376.2
44972.6
43652.6
43652.6
43784.2
43568.8
44516
45289
46134.1
45806.5
45396
45364.6
46774.1
45434.5
45635.3
44930.8
44515
43312.5
44147.5
43833.5
43453.7
42975.6
42491.6
42368.1
43404.4
43761.2
44134.5
42993.2
42743.8
43292.1
42679.9
42432.6
41899.6
41950.9
41467
41123
41052.9
41236.4
41281.8
40683
40909.9
40595.2
40759.8
40526.7
40295.8
40468.2
40345
40300
40406.2
40671.2
40710.6
40703
41010
40535.9
40628.5
40347.3
40319.5
40271.7
40548.9
40623.5
40502.5
40779.9
40549
40449.3
40489.5
40957.1
41401.6
41625.7
41678
41138.9
40812.9
40490.9
40274.1
40390.3
40517.4
41026.7
40805.2
40502.6
40661.6
40876
41051.4
41048.7
40869.4
40628.6
40653.3
40858.8
40884.4
41057.8
40558.4
40685.2
40574
40316.2
40396.3
40704.2
40572.5
40502.3
40581.7
40274
40930.8
40759.6
40527.6
41441.6
41697.7
41354.5
41535.6
41400.4
41629.3
41468.1
41393.1
41274.6
41462.8
41678.4
42399.9
41705.8
41611.1
41817.4
41487.9
41323.3
41522
41216.8
41101.3
40681.6
40592.5
41315.2
41243.4
40717.6
40552.5
41047.7
41273.9
40810.4
40664.5
40848.7
40658.7
40490.9
40751.3
40438.6
40469.6
40874
40558.5
40470.3
40725.1
40398.7
40350.3
40555.3
40432.9
40251.7
40459.9
40697.8
41082.6
40598.7
40333.1
40198.6
40366.9
40218.8
40641.5
40346.1
40983
40551.3
40795.8
41126.9
41136.4
41299
41758.7
41698.9
41431.8
41404.5
41401.3
41321.7
41397.6
41406.4
42389.2
42931.4
43700.7
43812.6
43710.5
43703.6
43611
43555
42185.4
43220.5
42631.4
42423.7
42093.5
42055.1
42091.9
41726.5
41562.9
41194.1
40850.2
40460.1
40264.8
40173
40398.9
40603.7
40601.6
40335.7
40202.6
40472.2
40637.8
40623.1
40786.6
41104.2
40711.4
40718.9
40395
40232.7
40873.2
40683.4
40495.8
40283.3
40399.8
40405.9
40176.1
40123
40375
40523.7
40611.3
40846.6
40724.4
40931
40861.2
40737.1
41106
40955.5
40915.7
40493.8
40282.2
40669.2
41377.8
41144.7
40906.5
40981
40717.8
40394.6
41099.5
41457.2
41030.2
40553.4
41457.2
41623
43273
43395.1
42810.7
42706.5
43574
43098.5
42163.4
41986.9
42362.9
41980.8
41653.9
41208.3
41108.8
41561.7
41636.6
41104.3
41199.2
40917.5
40863.6
40471.1
40564.7
40708.9
40631.3
40308.2
40189.8
40130.5
40100.8
40086
40183.3
40127.2
40099.1
40085.2
40078.2
40074.7
40073.8
40073.5
40232.1
40706.6
40844.6
40697.5
40385
40897.8
40890.7
41376.9
41708.8
40896.9
40912.9
41048.9
40940.5
40507.2
40754.1
40413.5
40242.3
40156.5
40113.6
40092.2
40081.5
40374.7
40429
40448.5
40373.7
41255.8
42173.1
41286.5
41590.8
41945.2
41974.6
41847.2
41173.3
41667.4
41500.4
41390
40733.8
40797.1
40868.6
41664.6
42920.8
42541.5
42075.1
42507.9
42892.8
44485.3
44059.3
43622.7
42554
42257.5
42269.4
41370.4
41025.4
40550.4
40486
40279.2
40175.3
40123.5
40097.4
40084.5
40077.8
40074.7
40233
40152.3
40111.6
40091.5
40081.2
40076.2
40074.1
40073.5
40072.9
40072.6
40072.2
40071.9
40071.5
40071.3
40070.9
40070.7
40070.4
40070.2
40070
40448.7
40419
40639.6
40355.9
40449.3
40593.1
40478.5
40637.8
40354.8
40511.8
40618.2
