27780.9
27784.1
28445.6
28416.2
28538.6
28941
29348.9
29898.5
30518.6
30554.2
31613.4
31988.9
32052.4
32066.4
32281.4
32246.3
32707
33028.1
33081.1
33338.6
33654
33561.4
33179
33082.5
33328
33005.7
32688.5
32385.8
32409.8
32261.1
31984.5
31926.7
31767.7
31704.8
31682.8
31653.1
31631.7
31559.6
31561.8
31561.5
31569.8
31586.6
31591.2
31599.1
31500.1
31283
31055.7
31188
31054.6
31023.3
30984.3
31080.2
30988.2
31233.5
31204.8
31357.3
31449.7
31477.7
31360
31426.4
31490
31601.8
31735.1
31822.5
31709.9
31922.7
31749.7
31971.8
32030.1
31992.4
32275.4
32384.4
32442.1
32060.6
31940.8
32221.8
32415.2
32287.1
32284.2
32594.7
32910.8
33171.4
32488.1
32171.1
32158.2
32078.2
31985
32026.5
32126.8
32336.6
32239.8
32412.1
32352.1
32151.3
32069
31843.7
31776
31667.9
31621.8
31815.2
31787.9
31670.2
31704.5
31656.5
31629.6
31608.8
31614.7
31528.6
31508.5
31509.7
31564.3
31581.4
31599.5
31483.2
31696.6
31746.3
31682.3
31554.9
31576.9
31569.3
31407.6
31329.6
31419.8
31462.6
31344.9
31463.2
31513
31593.2
31563.3
31618.7
31609.1
31619.6
31657.6
31699.3
31672.3
31622.2
31568.6
31618.8
31611
31591.6
31644.5
31682.2
31682.5
31652.7
31631.1
31643.5
31626.6
31617.6
31605.5
31600.3
31606.4
31608.5
31615.8
31604.2
31587.5
31599.3
31608.6
31616
31614.6
31657.2
31682
31649.1
31632.7
31623.3
31622.7
31591.5
31596.2
31595.8
31587
31600.5
31626.1
31603.5
31433.8
31406.1
31431.8
31504.6
31549.2
31359.5
31488.2
31324.8
31522.5
31564.7
31512.6
31417.8
31518.3
31451.3
31538.4
31579.1
31597.6
31608.2
31611.3
31617.9
31609.5
31715.5
31731.7
31669.6
31637.2
31625.1
31619.3
31618.3
31518.8
31566.1
31589.3
31599.9
31638.4
31625.8
31617.6
31616.1
31615.7
31611.5
31611.2
31619.7
31615.2
31604.2
31605.6
31609.6
31611.6
31610.8
31610.1
31611.2
31615.7
31609.2
31611.1
31615.1
31613.1
31618.6
31633.2
31624.3
31626.4
31583.3
31534.3
31485.1
31544.5
31472.1
31541.8
31562.8
31585.6
31594.5
31678.9
31646.6
31669
31634.7
31533.9
31569.8
31588
31605.3
31617
31619.3
31507.5
31564.4
31590.7
31614.1
31610.4
31656.4
31532.5
31574.6
31597.2
31607.6
31609.8
31614.7
31489.4
31553.6
31548.8
31586.5
31602.6
31611.4
31611.7
31758.2
31685.6
31676.3
31653.3
31621.3
31617.3
31624.6
31570.1
31636.9
31619.1
31612.8
31615.7
31617
31602.7
31644.2
31746.6
31679.5
31493.6
31546.3
31580.4
31596.8
31605.3
31602.1
31610.4
31666.2
31620.2
31491.8
31553.1
31578.9
31594.5
31602.8
31603.1
31636.1
31624.7
31620.3
31615.7
31664.6
31676.5
31642.7
31615.2
31497.3
31554.5
31592.4
31603.7
31624.9
31669
31633.5
31622
31614.6
31612.1
31598.3
31600
31622.9
31604.8
31609.5
31680.2
31646.8
31631.2
31621.3
31605.6
31609.7
31611.4
31653.4
31631.1
31623.4
31610.3
31560.8
31556.4
31590
31601
31607.8
31633.2
31616.9
31611
31609.8
31616.8
31610.7
31611.9
31648
31615.1
31607.3
31607.4
31609
31616.9
31644.3
31629.7
31616.7
31615.7
31617.7
31611.2
31614.5
31709.6
31687.1
31653.2
31635.7
31602.4
31607.3
31607.3
31608.1
31608
31566.9
31519.1
31568.9
31593.2
31603.7
31603.3
31608
31608.7
31611.4
31612.8
31661
31727.5
31671.9
31640.8
31625.9
31620.5
31615.3
31615.6
31615.7
31615.4
31614.5
31615.6
31601.5
31587.1
31606.4
31608.6
31611.2
31613.7
31637.7
31624.3
31613.6
31516
31560.4
31591.9
31601.4
31604.9
31608.4
31616.5
31606.1
31606.1
31463.8
31465.8
31486.9
31603.3
31559.8
31494.8
31631.6
31620.2
31615.7
31616.8
31596.1
31572.6
31563
31648.5
31640.3
31626.5
31621.5
31718.2
31668.3
31635.8
31634.8
31621.3
31635.6
31631.8
31436.1
31504.7
31552.8
31583
31594.7
31606.8
31608.4
31607.7
31588.4
31601.8
31608.6
31611.2
31613.6
31629.4
31622.4
31616.4
31615.6
31614.1
31610.3
31611.8
31610.9
31613.9
31605.6
31608.3
31610.6
31611.1
31637
31625
31619
31513.2
31436.9
31527.6
31572
31591.7
31605.9
31518.3
31568.3
31590.9
31665.2
31639
31624.9
31622.1
31617.8
31527.5
31572.4
31593.5
31519.1
31565.5
31588.7
31599.8
31605.9
31538.3
31564.9
31586.8
31448.3
31529.8
31571.6
31591.6
31602.4
31597
31646.3
31456.2
31536.8
31575.4
31593.1
31602.7
31607.9
31610.1
31608.3
31609.7
