22623.8
22623.8
22623.8
22623.8
22623.8
22623.8
22623.8
22623.8
22623.8
22623.9
22623.9
22623.9
23210.6
23209.7
24031.3
24184.7
24480.3
25206.2
25474.7
27138.7
27521.9
28009.4
28192.2
28530.9
28988.3
29235.4
29294
29311.1
29334.5
29380.6
29366
29354
29370.9
29374
29352.9
29344.1
29336.2
29223.1
29221.1
28990.9
28952.7
28871.5
28660.2
28736
28735.1
28673.7
28244.6
27679.8
27231.7
26958.8
26606.7
26450
26439.9
26414.6
26331.7
26306.7
26273.2
26232.1
26055.9
26095.6
26089.9
26325.1
26292.7
26277.9
26274.2
26695.8
27057.2
27208.8
27634
27626.2
27897
28008.5
28303
28520.4
28505.8
28462.7
29191.2
29645.4
29955.7
30449.6
30526.4
30689
30866.7
31136.6
31409.2
31323.7
31391.5
31694.8
31880.3
31879.6
31991.8
31976.7
32074.3
32088.3
32289.8
32697.1
32721.9
32751.8
32744.9
32678.9
32651.5
32622.9
32683.4
32748.2
32742.1
32742.2
32759.5
32754
32744
32614.8
32577
32710.1
32600.7
32219.4
32177
32113.1
31943.5
31833.4
31877.2
31910.3
31866
31382.9
31355.9
31281.8
31272.7
31084.2
31064.2
30955.2
30915.5
30962.5
30958.9
30951.1
30942.1
30936.7
30927.4
30874.3
30868
30846.9
30833
30797.8
30797.4
30784.5
30771.5
30761.8
30916.8
30997.8
31003.1
31054.3
31058.6
31051.3
31090
31061.5
31081.1
31056.1
31041.7
31016
31021.6
31021.8
31019.2
30979.4
30937.3
30933
30936.9
30908.5
30888
30831.3
30842.8
30902.5
31025.2
31027.7
31020.5
30998.6
30940.4
30974
30800.6
30789.2
30669.9
30720.6
30235.3
30122.3
30119.3
30095.4
29913.7
29912.7
29858.4
29835
29830.3
29858.4
29845.9
29757.9
29753.7
29742.1
29789.9
29689.5
29682.2
29684.8
29686.1
29687.5
29687.2
29669.3
29659.5
29573.4
29683.4
29677.3
29679.3
29664.9
29654.6
29653.5
29649.6
29629.8
29671
29654.7
29650.8
29654.5
29656.6
29660.9
29663.8
29659.4
29649.4
29659.2
29661.1
29698.4
29694.8
29671.3
29663.5
29662.9
29658.6
29658.8
29669.7
29661.4
29665.2
29661.5
29653.3
29647.9
29681.2
29712.7
29703.4
29694.4
29698.6
29693.6
29690
29687.8
29693.1
29574.5
29557.1
29561.4
29558.2
29683.3
29755.7
29759.7
29759.2
29759.4
29793.9
29868.7
29858.9
29853.7
29854.4
29854.9
29882.5
29891.3
29874.5
29861
29861
29832.1
29825.5
29823.1
29825.4
29738.9
29730.2
29721.5
29711.2
29710.3
29695.4
29682.4
29613.2
29598.7
29586.3
29585.5
29589.4
29582.9
29642.1
29627.9
29593.5
29584.9
29588.1
29592.1
29594.8
29591.9
29610
29609.7
29604.4
29587.3
29650.6
29635.9
29633.2
29622.6
29606.7
29470.2
29463.5
29451.5
29397.2
29488.3
29476
29454.4
29444.7
29443.3
29233.5
29227.9
29334.5
29220.9
29215
29213.2
29206.2
29179.7
29168.6
29165.3
29158
29186.7
29180
29082.3
29065.6
29087.4
29045
29041.8
28970.8
28972.5
28973.8
28962.9
28963.5
28963
28963.5
28963.9
28960.9
28962.3
28962
28830.3
28828.6
28827.8
28829
28829.2
28831.6
28833.6
28834.4
28835.6
28815.1
28812.5
28807.4
28804.1
28780.3
28758.3
28698.6
28690.3
28683.3
28699.4
28707.8
28705.6
28453.6
28498.3
28482.8
28479.4
28470.4
28467.9
28462.7
28458.8
28454.5
28450.4
28444.3
28436.8
28439.4
28470.9
28491.8
28496.4
28498.9
28502.3
28561.1
28545.1
28542.9
28543.5
28545.7
28549.2
28552.8
28553.8
28741.2
28741.3
28742.9
28746.9
28748.2
28748.2
28742.8
28744.8
28749
28751.2
28742.3
28744.1
28745.1
28737.5
28718.4
28698.4
28689
28695.9
28696.5
28710.9
28701.8
28698.8
28732
28735.3
28612.8
28581.6
28570.9
28562.4
28561.2
28566.7
28687.8
28677.4
28671.5
28669.1
28634.1
28642.1
28645.9
28602.9
28597.1
28599.1
28564.3
28550.7
28547.1
28546.9
28544.6
28545.4
28548.7
28553.6
28547.6
28511.9
28559.9
28556.5
28551.3
28528
28515.4
28513.5
28512.3
28522.9
28572.1
28567.9
28567.5
28569.5
28569.5
28570.9
28572.3
28573.9
28574
28566.4
28565.4
28564.8
28546.2
28538.3
28537
28538.1
28508.6
28546.9
28574
28573
28564.2
28569.5
28565.4
28568.8
28558.4
28554.9
28539
28533.1
28523.3
28508.5
28500.3
28497
28465
28459.7
28461.9
28464.3
28462.5
28446.2
28445.3
28449.2
28463.4
28461.9
28459.9
28433
28507.8
28511.3
28524
28548.7
28619.4
28612
28609.6
28618.3
28228.3
28221.9
28216.3
28217.5
28218.8
28217.2
28217.2
28212.1
28211
