22376.2
22474
22517.1
22495
22463.5
22492.1
22455.3
22333.4
22267.4
22316.7
22278.9
22276.9
22135.8
22154.1
22049.4
21980.6
21981.2
21923.8
21853.7
21822.6
21751.3
21553
21785.4
21532.6
21494.2
21645.5
21395.3
21330.7
21292.4
21318.5
21128.5
21134.7
21127.7
21196.6
20990.6
21060.2
21034.6
20868.6
20974.6
20796.9
20715
20749.5
20740.1
20430.5
20963.6
21407.5
22277.3
22821.5
23113.9
23524.5
24122.8
24294.2
24703.9
24885.7
25260.2
25372.5
25677.9
25685.2
25871.4
25891.6
26402.6
26635.4
27608.3
27262.9
27517.1
27736.7
28006.4
27954.4
28109.4
28069.7
28230.8
28260.3
28529.7
28467.1
28422.9
28570.1
28739.1
28688.7
28638.8
28614.4
28423.2
28453.7
28338.5
28199.2
28233.5
27926.8
27821.9
27730.9
27386.5
27717.2
27609
27288.9
27160.6
26875.3
26682.8
26369.2
26207
25917.6
25727.1
25619
25287.9
24877.7
24873.1
24499.1
24339.3
24131.5
24238.7
23924.3
24200.5
24072.5
24192.2
24116.9
24343.4
24227.5
24372.3
24495
24396.5
24564.9
24697.8
24682
24846.5
24862.7
25075.3
25539.3
25833.7
25852.2
26285.8
26359.5
26595.1
26625.8
26821.7
26803
27115.8
27159.2
27630.7
27630.7
27786.2
27752
27851.7
27847.2
27991.7
27989.2
27984.8
27967.5
28012.8
28025.7
28089.7
27992.4
28155.9
28110.5
28263.8
28106.3
28309.1
28288.6
28540.9
28511.1
28575.3
28547.8
28556.6
28489.2
28602.5
28527.4
28651
28606.1
28730.2
28669.2
29117.5
29123.1
29112.9
29151.5
29308.6
29261.9
29359.2
29445.8
29369.9
29382.6
29385.3
29405.2
29363.9
29363.8
29340.6
29262.3
29281
29405.5
29492.7
29440.2
29461.7
29378.9
29457.8
29370.6
29383.7
29336.2
29353
29278.4
29309.4
29211.4
29319.6
29214
29255.3
29179
29224.4
29166.6
29247.6
29160.5
29266.1
29125
29197.9
29120.3
29151.3
29130.2
29079.5
29081.1
29067.8
28976.5
29009.1
28927.8
28984.2
28881.3
28869.4
28735.8
28820.3
28727.1
28779.8
28757.3
28688.4
28725.5
28702.1
28724.3
28710.1
28673.5
28738
28682.1
28752.8
28673
28710.9
28676.8
28717.6
28628.8
28767.1
28633.8
28749.3
28603.6
28708
28565.7
28681.4
28686.3
28901.8
28721.3
28906.6
28723.1
28953.2
28808
28956.2
28841.2
29047.6
28992
29059
28953.4
29066.9
28952.4
29036.8
28949.5
29086.5
28932.7
29070.2
28940.4
29029.9
28929.5
29060.6
28925
29032.3
28897
28969.7
28958.3
28931.2
28871.8
28908.4
28928
28946.4
28902.4
28959.9
28910.9
28946
28869.3
28985.7
28869.9
28976
28890.5
29014.2
28916
29012.8
28960.7
29018
28960.3
29075.3
28976.5
29070.7
28946.6
29076.7
28990.5
28994.7
29005.3
29002.8
28959.8
29027.3
28966.8
29030.1
28957.9
29033.1
28929.7
29010.4
28996.9
28953.7
28992.1
28995.8
28979.8
28954.8
28999.9
29025.3
29020.3
29010
29026.9
29037
29038.5
29028.5
29053.3
29070.8
29101.7
29109.2
29100.4
29165.1
29135
29141.5
29122.2
29171.1
29138.2
29201.4
29118.5
29166.7
29174
29175.6
29130.2
29143
29113.2
29100.4
29153.6
29063.5
29125.9
29078.3
29109
29078.4
29144.2
29094.7
29144.1
29079.1
29079.3
29076.6
29076.6
29102.4
29062.2
29068
29047.1
29042.3
29000.8
29043.2
28991.8
29014.9
28956.9
28963.7
28955.4
28966.3
28932.4
28953.1
28918.2
28939.9
28878.9
28958.8
28871
28962.1
28832.8
28950.8
28841.5
28962.1
28831.5
28899
28884.6
28857.9
28920.7
28826.6
28877.3
28882.3
28872.7
28846.3
28879.2
28893.3
28884.9
28851.5
28931.7
28850.3
28939.2
28869
28943.8
28916.6
28994.8
28926.5
29037.8
28937.4
29060.1
28933.5
29017.7
28941.2
28975.4
28949.8
29000.3
28914
28994.2
28924.2
28984.4
28941.4
28972.3
28913
28963.8
28942.5
28954.1
28939.8
28918.2
28907.9
28919.1
28902.4
28890.6
28900.1
28853.1
28876.7
28828.3
28853.7
28864.1
28852
28823.6
28838.2
28802.8
28863
28785.9
28840.1
28795.6
28852.6
28796.5
28853.6
28843.7
28807.2
28816.2
28842
28853.9
28812.5
28834.6
28806
28841.7
28820.8
28798.7
28828.6
28813.7
28836
28824.4
28816.3
28858.1
28811.3
28848
28804.9
28772.8
28847.7
28783
28814.5
28790.1
28780.9
28734.7
28799.6
28754
28769.8
28884.8
28875.4
28850.6
28822.2
28856.4
28824.2
28844
28874.5
28783.5
28917.3
28777.7
28910.8
28783.5
28865.1
28812.9
28889.2
28815.2
28870.1
28848.7
28855.2
28877.3
28867.6
28842.1
28895
