18837.3
19728.7
18863.5
19202
19255.6
18640.7
18228
18290.5
18457
18885.4
17948.8
18715
17972
17908.7
20154.7
18148.2
17854.9
17880.7
18192.8
18075.8
17429.1
18142.8
17716.1
18787.8
17797.1
18111.7
18537.4
18414.2
19003.1
19272.2
18913.6
18464.7
18879.2
18593.2
19053.3
18346.4
18863
17981.6
18233
18310.6
18300.5
18735.4
18810.1
18585.9
18437.4
18185.4
17791.4
17921.7
18040.5
18059.2
19165.4
20387.1
18803.3
20485.5
18673.6
19504
19072.8
20107.3
18956.5
19163.3
19102.8
20157.9
19065.5
19433.3
20057.4
18886.5
19006.5
18323.6
20033.7
18559.8
19425.2
19058.1
18682.6
18383.4
20085
18195.6
18662.6
18127.6
18531.2
18467.6
18570.7
18122.7
18889.5
19636.2
18209
19205.4
18031.8
18075.2
17992.3
18991.8
18744.8
19434.8
19822.2
20735.1
20687.2
21057
21725
20501.7
20526.7
20333.2
19935.5
21822.5
21478.8
21565.9
21267.2
19862.3
19732
18698.7
18917.1
19300.4
19186.9
18958.2
19888.5
19885.6
19718.7
19604
19231.3
20732.5
21676.7
21394.8
21241.9
21519.6
20591
21679.4
20617.5
21398.1
21437.6
21219.6
20431
21379.2
20741.5
21767.4
21517.3
22760.2
22505.9
21723.2
21489.3
22330.2
22019.4
22524.2
21238.2
21393.7
22542.6
22212.6
21642.4
22503.9
21837.1
21898.8
21971
21809
22287.8
22069.6
23212.7
22985.8
22776.2
23117.2
23002.4
22228
22541.4
22336.5
22977.2
22247.3
23126.6
21530.2
21904.8
22027.9
22611.8
22355.3
22611.8
22120.3
22749.1
23583.4
23277.2
22362.5
22032
22286.7
22004.9
23160.3
21602.2
22642.9
22107.5
22646.7
22962.7
23202.7
22798.5
23081.5
22514.3
22712
22706.1
23300.7
22603.8
22226.9
22353.1
22217.3
22938.2
22514.4
21949
22328.1
21932.2
21996.6
23010.3
23866.4
23588.8
22563.7
22687.9
22562.1
23648.1
23912.9
23631.7
23935.1
23178.5
22282.4
22408.6
23259.6
21948.8
22618
22709
22992.1
22684.2
22953.2
23203.7
22322
22690.8
22493.3
23125.7
22160.9
22808.6
22941.6
22584.4
23338.2
23470.6
22020.4
22467.5
22886.8
23235.5
22999.5
22856.7
23001.2
23137.5
22812.3
22820.6
23119
22751.4
22664.5
23260.8
22238
22241.8
22368.5
22446.1
22578
22561.1
22836.3
22974.2
22073
21637.6
23186.5
24459.6
22827.4
23713.5
23796.2
23946.4
23303.4
23725.6
23837.5
23983.6
22987.8
23399.5
22900.6
23747.6
23722.1
23771.9
22914.4
24349.9
23628.3
22978.1
23113.6
23563.9
23191.9
23440.4
23159.6
22725.1
23273
23966.1
22873.2
23714.3
23415.6
24344.4
23516.4
23125.2
23613.2
23514.9
23214.8
23730.1
23119.4
23663.9
23220.4
23809.5
23420.1
22901.3
24422
23241.8
23596.9
22776
22542.5
22269.4
22821.1
23959.3
23748.6
23969
23253.3
