23018.7
22999.2
23002.4
22986
23009.4
22994.7
23006.9
23006.3
23009.5
22898.7
22907.5
22878.3
22761.4
22750.8
22756.1
22740.4
22760.9
22746
22755.7
22760.5
22767.1
22760.8
22783.7
22763.1
22774.5
22771.7
22781.4
22763.8
22789
22771.3
22774.5
22771.7
22773.4
22752.6
22771.4
22751.2
22752.9
22750.5
22752.7
22733.4
22748.9
22737.4
22738.4
22736
22745.5
22726.3
22745.6
22734
22735.9
22733.6
22742
22721.3
22738.3
22724.4
22724
22719.4
22726.1
22703.6
22720
22705
22703.6
22698.2
22703.9
22679.9
22694.5
22677.4
22674
22666.7
22671.2
22647.1
22662.4
22647.7
22648
22646
22657
22640.4
22663.7
22657.1
22664.8
22669.3
22685.4
22672.6
22697.8
22691.8
22698.5
22700.8
22714.1
22697.8
22719.6
22710.2
22714.2
22714.1
22725.7
22708.4
22729.6
22720.3
22724.4
22724.7
22736.5
22719.5
22740.7
22731.2
22834.5
23268.5
23933.7
24774.7
25766
26826.9
27982
29175.8
30470.8
31701.9
32961.7
34186.4
35427.1
36628.7
37802.8
38907.3
39977.4
40924.9
41920.9
42848.6
43497.7
44109.8
44817.2
45586.4
46229.9
47108.8
47673.2
48030.8
48612.3
47836.6
48018.8
48312.2
48162.9
48293.6
48381.6
48548.3
48509.3
48505.3
48301.7
48156.1
47898.8
47559.6
47155.2
46455
45906
45058.3
44264
43254
42319.1
41371.9
40369.7
39470.9
38329.4
37182.2
35667.4
34677.1
33732.9
32665.5
31291.3
30146
29877.8
28814.1
27854.4
26915.7
25906.8
25120.9
24565.4
24071.5
23751.4
23652.2
23778.1
23715.6
24047.5
24755.9
25435
25900.9
26458.4
27197.3
27991.3
28838.7
29376.1
29669.2
30395.3
31322.6
32153.9
32797.4
33457.4
34126.5
34758
35314.4
36118.4
36504.2
36949
37212
37349.3
37486.1
37553.6
37779.3
38207.7
38389.7
38444.9
38421.4
38198.9
38296.4
38178.4
38166.7
37994.6
37810.5
37515.9
37225.4
36990.5
37149.2
36660.5
36235.4
35638.5
35089.7
34570.9
33713.8
33115.2
32490.9
31508.7
30919.4
30163.8
29468.6
28493.1
27714
27144.8
26625.8
26200.7
25840.5
25581.6
25385.6
25278.9
25217.4
25218.4
25238.1
25410.8
25454.8
25516.9
25454.3
25541.7
25619.1
25729.3
25892.4
25970.1
26018.9
26083.2
26131.8
26215.4
26439.4
26561.3
26665.5
26602
26678.5
26720.2
26680.5
26560
26550
26611.6
26413.5
26354.9
26289
26262.3
26268.7
26325.6
26375.1
26320.9
26238.1
26322.6
26674.9
26794.7
26910.7
27031.1
27198.2
27319.1
27375.1
27364.3
27476.8
27524.2
27575.1
27729.3
27829.9
28000.2
28160.8
28368.8
28581.4
28777.4
29001.8
29240.6
29451.6
29671.2
29783.8
30056.3
30219
30559.9
30804.4
30928.5
31072.8
31271.5
31368.4
31319.7
31186.1
31021.1
30793.3
30561.5
30062.2
29802.3
29519
29020.8
28771.4
28555
28326
28003.9
27818.2
27692.9
27419.9
27359.4
27322.4
27344.1
27371.7
27433.6
27477.4
27539
27577.4
27638.2
27667.7
27715.7
27785.7
27881.4
27959.7
28058.1
28139.1
28242.3
28446.6
28581.4
28679.5
28804.5
28922.7
29068.8
29197.2
29355.7
29511.1
29606.8
29773.7
29958.3
30117.6
30289
30430.2
30579.4
30693.8
30810.1
30885.2
30955.9
30981.3
30999.9
30651.8
30628.4
30559.8
30485.7
30368.1
30248.2
30090.1
29934.2
29749.6
29576.5
29384.5
29211.8
29028.4
29003.9
28834.6
28692.2
28545.4
28427.4
28304.4
28208.3
28103.8
28022.1
27927.7
27851.6
27759.6
27682.6
27588.4
27507.2
27409.4
27325.1
27226.2
27143.8
27050.5
26978.9
26901.6
26852.8
26805.2
26794
26789.9
26826.2
26869.8
26949.7
27118.5
27082.7
27186.6
27309.5
27419.4
27542.7
27649.3
27767.2
27866.7
27977.6
28070.2
28174.4
28260.2
28357.2
28351.2
28449
28530.5
28620.6
28696.6
28780.8
28852.2
28931
28996.3
29067.1
29121.3
29176.9
29148.7
29085.7
29089.8
29096
29081.1
29071.2
29042.6
29021.6
28983.2
28953.6
28906.4
28867.5
28809.4
28757.7
28684.5
28615.4
28523.2
28434.4
28323.4
28218.4
28095.5
27984.3
27861.4
27757.1
27647.2
27561.5
27473.7
27413.7
27353.8
27319.7
27280.6
27264.7
27241.4
27239.5
27227.6
27236.2
27233.9
27252.1
27259.1
27286.9
27303.2
27340.3
27365.5
27411
27443.8
27496.1
27535.2
27593.2
27637.8
27701
27751
27819.9
27876.2
27951.4
28014
28094.9
28162.3
28246.5
28315.1
28397.8
28462.3
28537.4
28591.7
28653.5
28692.5
28736.6
28757.2
28782.1
28783.6
28790.2
28774.4
28765.4
28735.7
28715.1
28675.5
28647.4
