62991.8
62991.5
62991.2
62990.9
62990.7
62990.5
62990.4
62990.3
62990.1
62989.9
62989.8
62989.6
62989.5
63016.6
63016.5
63016.3
63016.2
63016
63015.9
63015.8
63015.8
63015.7
63015.7
63015.6
63015.6
63015.6
63015.6
63015.7
63015.7
63015.7
63015.8
63015.9
63015.9
63016
63016.1
63016.2
63016.3
63016.4
63016.6
63016.7
63016.9
63017.1
63017.3
63017.5
63017.7
63017.9
63018.1
63018.1
63018
63017.9
63017.3
63010.3
63009.4
63008.6
63007.3
63006.1
63004.4
63002.9
63000.8
62998.9
62996.4
62994
62991.2
62988.3
62985
62981.6
62978
62974.2
62969.9
62965.6
62960.7
62955.8
62931.2
62897
62890.8
62884.7
62877.9
62846.6
62840.7
62834.3
62717.8
62710.3
62702.3
62694.2
62697.4
62688.9
62680.3
62671.1
62661.9
62653
62644
62634.5
62625.1
62615
62606.6
62547.1
62538.5
62530.2
62459.8
62352.2
62342.5
62333
62261.8
62254.7
62248.4
62242.9
62237.4
62232.4
62227.4
62223.2
62218.4
62214.2
62209.5
62205.5
62201.3
62197.7
62194
62191
62187.9
62185.2
62182.5
62179.9
62177.7
62175.3
62172.9
62170.7
62168.6
62166.7
62164.8
62163.1
62153
62151.4
62149.8
62148.5
62147.1
62145.8
62144.6
62143.6
62142.2
62141.2
62140.1
62139.1
62138
62137.1
62136.1
62135.3
62134.2
62133.5
62132.5
62131.8
62130.9
62130.3
62129.3
62128.8
62127.5
62127
62126.5
62126.1
62125.7
62125.5
62125
62124.8
62124.7
62124.5
62124.4
62124.3
62124.2
62124.1
62123.9
62123.7
62123.6
62123.5
62123.4
62123.3
62123.1
62123
62122.9
62122.8
62122.6
62122.5
62122.3
62122.2
62122
62121.9
62121.7
62121.6
62121.4
62121.3
62121.2
62121.1
62121
62120.9
62120.7
62120.6
62120.3
62120.2
62120
62119.8
62119.6
62119.4
62119.2
62119.1
62119
62118.8
62118.6
62118.5
62118.3
62118.2
62118
62117.9
62117.8
62117.6
62117.5
62117.3
62117.1
62117
62116.6
62116.5
62116.4
62116.3
62116.2
62116.1
62115.9
62115.9
62115.8
62115.7
62115.6
62115.5
62115.4
62115.4
62115.3
62115.2
62115.2
62115.1
62115
62115
62078.1
62078.1
62078
62078
62078
62077.9
62077.9
62077.9
62077.8
62077.8
62077.8
62077.8
62077.8
62077.8
62077.8
62077.8
62077.7
62077.7
62144.9
62144.9
62144.9
62144.9
62144.9
62144.9
62144.9
62144.9
62144.9
62144.8
62144.8
62144.8
62144.8
62144.8
62144.8
62144.8
62144.8
62144.8
62144.7
62144.7
62144.7
62144.7
62144.7
62144.7
62144.7
62144.7
62144.6
62144.6
62144.6
62144.6
62144.6
62144.6
62144.6
62144.6
62144.6
62144.5
62144.5
62144.5
62144.5
62144.5
62144.4
62144.4
62144.4
62144.4
62144.3
62144.3
62144.3
62144.2
62144.2
62144.2
62144.2
62144.2
62144.1
62144.1
62144.1
62144.1
62144.1
62144
62144
62144
62144
62144
62143.9
62143.9
62143.9
62143.9
62143.9
62143.9
62143.9
62143.8
62143.8
62143.8
62143.8
62143.8
62143.8
62143.8
62143.8
62143.8
62143.8
62143.8
62143.7
62143.7
62143.7
62143.7
62143.7
62143.7
62143.7
62143.6
62143.6
62143.6
62143.6
62143.6
62143.6
62143.6
62143.6
62143.6
62143.5
62143.5
62143.5
62143.5
62143.5
62143.5
62143.5
62143.5
62143.4
62143.4
62143.4
62143.4
62143.4
62143.4
62143.3
62143.3
62143.3
62143.3
62143.3
62143.3
62143.3
62143.2
62143.2
62143.2
62143.2
62143.2
62143.2
62143.2
62143.2
62143.2
62143.2
62143.2
62143.2
62143.2
62143.2
62143.2
62143.2
62143.2
62143.2
62143.2
62143.2
62143.2
62143.2
62143.2
62143.2
62143.2
62143.2
62143.2
62143.2
62143.2
62143.1
62143.1
62143.1
62143.1
62143.1
62143.1
62143.1
62143.1
62143.1
62143.1
62143
62143
62143
62143
62143
62143
62143
62143
62143
62143
62143
62143
62143
62143
62143
62143
62143
62143
62143
62143
62143
62143
62143
62143
62143
62143
62143
62143
62143
62143
62143
62143
62143
62143
62143
62143
62143
62143
62143
62143
62143
62143
62143
62143
62143
62143
62143
62142.9
62142.9
62142.9
62142.9
62142.9
62142.9
62142.9
62142.9
62142.9
62142.9
62142.9
62142.9
62142.9
62142.9
62142.9
62142.9
62142.9
62142.9
62142.9
62142.9
62142.9
62142.9
62142.9
62142.9
62142.9
62142.9
62142.9
62142.9
62142.9
62142.9
62142.9
62142.9
62142.9
62142.9
62142.9
62142.9
62142.9
62142.9
62142.9
62142.9
62142.9
62142.9
62142.9
62142.9
