39628.6
39628.6
39628.4
39628.3
39628.2
39628
39627.9
39627.8
39627.5
39627.5
39627.4
39627.3
39627.1
39627.1
39627.2
39627.1
39627.1
39627.1
39627.1
39627.1
39627.1
39627.1
39627.1
39627
39627.1
39627.1
39627.1
39627.2
39627.2
39627.3
39627.5
39627.7
39627.8
39628
39628.1
39628.3
39628.5
39628.8
39628.9
39629.1
39629.2
39629.3
39596.2
39611.8
39619.6
39623.6
39615.8
39621.5
39624.4
39624.9
39625.3
39625.5
39625.7
39625.8
39625.9
39626
39626.1
39626.1
39626.2
39626.2
39626.3
39626.3
39626.4
39626.4
39626.5
39626.5
39626.6
39626.7
39634
39630.7
39630
39629.6
39646.8
39637.1
39632.2
39629.9
39629.6
39629.3
39629.2
39629
39628.9
39628.8
39628.8
39628.7
39628.1
39627.2
39625.4
39623.8
39622.7
39622.6
39622.2
39621.8
39908.7
39764.6
39692.5
39656.3
39638.2
39629.2
39753.2
39760.5
39756.7
39772.9
39820.2
39786.1
39898.4
40050.3
40334.7
40269
40156.9
39990
39861.7
40411.4
40016.9
40438.2
41066
40833.6
40523.8
40665.8
40506
40460.7
40435.2
40214
40084.9
40342
40240.5
39931.1
39775.9
39805.7
39763.3
39768.4
39688.4
39774.3
39697.9
39700.1
39633
39627.8
39625.4
39623
39653.8
39638.2
39692.9
39658.1
39820.2
39721.7
39959.3
39791.1
39869.8
39746
39959.6
39851.1
39736.4
39780.7
39988.6
39889.8
39756.7
39772.1
39697.6
39660.3
39641.4
39631.9
39627.3
39624.9
39623.4
39623
39622.9
39622.7
39622.7
39622.9
39623.1
39623
39623
39622.9
39622.8
39622.8
39622.8
39622.8
39623.6
39623.8
39623.8
39668.7
39647.2
39636.3
39631
39629
39628.1
39627.2
39638.9
39632.4
39629.6
39837.2
39731.7
39678.8
39652.4
39639
39632.4
39721.7
39673.6
39925.2
39704.9
39842.3
39733.9
39725.3
39675.4
39650.3
39637.8
40005.4
40101.9
39863.9
39893.7
39759.5
39603.7
39784.3
39705.4
39864.9
39745.5
39685.9
39655.8
39710.7
39689
39657.5
39787.8
39706.7
39666.1
39757.5
39691.3
39658
39641.5
39920.4
39773.1
39730
39678.2
39652.3
39850.9
39833.4
39730
39678.3
39652.5
39639.5
39633
39630.2
39629.2
39628.8
39628.4
39628.2
39628
39627.9
39627.7
39627.5
39627.2
39626.9
39910.6
40231.7
40065.6
39965.5
39796.4
39711.7
39669.3
39668.9
39647.9
39637.5
39632.2
39629.9
39629.2
39628.8
39628.4
39628
39862.1
39898.8
39762.8
39826
39726.3
39676.6
39651.6
39639.2
39633
39630.2
39629.3
39629
39628.6
39628.3
39884.9
39755.9
39691.2
39659
39642.7
39634.7
39630.6
39945.1
39785.9
39706.3
39666.3
39646.3
39636.1
39631.1
39629.5
39628.8
39628.2
39627.7
39627.2
39626.8
39626.4
39626.2
39626
39625.8
39813.1
39720.1
39673.6
39650.4
39965.3
39796.4
39711.8
39669.6
39648.4
39637.8
39632.5
39630.3
39629.7
39629.3
39629.1
39628.9
39628.8
39628.7
39628.6
39628.5
39542.5
39584.9
39606.1
39616.6
39621.9
39624.2
39624.9
39625.2
39625.4
39625.3
39625.3
39625.2
40144.4
39885.9
40232.8
40029.8
39899.9
39763.5
40047.2
39837.3
39732.3
39679.7
39653.4
39640.2
39633.6
39630.2
39629.4
39629.2
39629
39628.8
39628.6
39628.4
39628.2
39628
39627.8
39627.7
39627.5
39627.4
39627.3
39627.2
39627.1
39626.9
39626.8
39626.7
39626.5
39626.4
39626.3
39626.2
39626.1
39626
39625.9
39625.8
39625.8
39625.7
39625.7
39625.7
39625.6
39625.6
39625.6
39625.6
39625.6
39625.6
39625.6
39625.6
39625.6
39625.6
39625.6
39625.6
39625.6
39625.6
39625.6
39625.6
39625.6
39625.7
39625.7
39625.7
39625.7
39625.8
39625.8
39625.8
39625.8
39625.9
39625.9
39626
39626
39626
39626
39626
39626
39626
39626
39626
39626
39626
39626
39866.1
39746.8
39687.1
39657.2
39642.3
39634.8
39631.1
39629.9
39629.6
39629.5
39629.4
39629.3
39629.2
39629.1
39629.1
39629
39838.4
40095.3
40363.6
40072.6
39898.9
39763.2
40026.8
39827.3
39727.3
39677.3
39652.3
39639.8
39633.6
39630.4
39629.7
39629.4
39629.2
39629
39628.9
39628.8
39628.7
40024.5
39826.2
39887
39757.3
39692.3
39659.8
39643.6
39635.5
39631.4
39630.1
39629.6
39629.4
39629.2
39629.1
39629
39628.9
39628.8
39628.7
39628.7
39829.7
39850.1
39738.7
40219.7
39811.2
39759.8
39693.5
39950.5
39789
39708.2
39667.8
39647.6
39637.4
39632.4
39630.2
39629.6
39629.3
39629.2
39629
39628.9
39628.8
39628.7
39628.6
39628.6
39628.5
39628.5
