22623.8
22623.8
22623.8
22623.8
22623.8
22623.8
22623.8
22623.8
22623.8
22623.9
22623.9
22623.9
22623.9
22623.8
22623.8
22630.2
22631
22620.4
22623.1
22610
22593
22588.2
22589.6
22581.4
22566.4
22561.6
22560.5
22560.9
22550.6
22525.8
22505.2
22507.5
22424.4
22417.6
22395.5
22379.3
22372.9
22339.1
22339.3
22311.2
22181.4
22084.9
22069.5
22000.5
21994.9
21835.8
21830.8
21752.3
21653
21606.4
21397.9
21214.2
21225
21122.3
21070.9
21053.2
21039.5
20873.5
20853.2
20848.8
20831.2
20795.8
20782.7
20759.1
20731.1
20720.4
20730.6
20618.5
20607.3
20598
20566.5
20571.7
20559.4
20553.9
20549.4
20542.1
20453.7
20509.9
20495.5
20486.9
20482.7
20480.7
20467.4
20458.8
20459.7
20454.1
20451.5
20440
20436.4
20413.6
20400.2
20396.9
20389.6
20384.5
20385.4
20339
20321.1
20312.6
20377.3
20348.2
20295.9
20283.6
20267.3
20251.5
20215.1
20132.8
20214.2
20229.8
20212.8
20201.1
20076.8
20017.9
20006.3
19801.9
19798.1
19772.2
19740.4
19686
19673.4
19668.1
19642.3
19529.1
19520
19506.7
19441.4
19444.4
19456.7
19387.2
19394.1
19384.9
19370.4
19416.7
19402.7
19336.6
19335.6
19328.9
19326.3
19317.9
19311.4
19309.7
19294.6
19290.8
19276.6
19281.2
19257.2
19288.2
19286.5
19278.1
19270.5
19270.7
19269.9
19269.5
19267.2
19269.7
19271.8
19265.6
19276.1
19276.4
19316.8
19315.1
19311.7
19316.1
19116
19111.3
19108.5
19106.2
19089.2
19101.9
19099.7
19113.9
19027.7
19027.8
18962.1
18964
18991.4
18985.7
19000.8
18986.2
18980.6
18967.1
18967.8
18963.5
18963.4
18964
18963
18964.8
18962.3
18941
18937.2
18910.4
18886.9
18851.8
18834.4
18827.5
18832.9
18822.2
18824.6
18813.8
18785.6
18760.7
18839.8
18836.1
18734.9
18729.4
18724.1
18714.9
18716.4
18718.1
18716.2
18715.9
18716.1
18716.1
18719.2
18715.9
18715.8
18713
18709.4
18710.2
18708.5
18709.3
18708.8
18614.5
18617
18609.7
18608.1
18590.3
18586.9
18589.8
18590.1
18593.5
18595.8
18602
18600.5
18600
18599.2
18599.1
18596.8
18589.9
18580.7
18577.1
18574.7
18574.9
18575.6
18576.6
18575.5
18580.3
18574.2
18621.1
18620.7
18614
18614.7
18611.4
18605.2
18607.3
18606.2
18601.3
18601.8
18601.7
18591.9
18603.7
18610
18605.6
18605.8
18607
18607.2
18631.5
18635
18634.7
18631
18631.3
18632.6
18633.5
18636.1
18637.3
18634.1
18634.3
18626.3
18638
18645.2
18631.5
18636.3
18630.5
18631.6
18631.7
18633.3
18631.6
18628.4
18610.3
18605.2
18604.8
18605.8
18600.7
18601.8
18606.2
18609.4
18606.9
18606.1
18608.6
18608.9
18609.1
18608.5
18606.2
18605.6
18603.4
18604.2
18606
18606.7
18604
18607.7
18609
18620.8
18620.3
18563.4
18560.8
18556.3
18551.1
18550.3
18550.4
18548
18547.2
18542
18545.7
18537.5
18499.3
18502
18507.6
18507.8
18504.2
18503.4
18497.8
18498.8
18517.6
18520
18520.6
18520.8
18518.5
18512.3
18504.8
18508.1
18502.1
18499.9
18499.8
18494.2
18454.3
18459.2
18434.8
18440.3
18443
18433.5
18431.3
18424
18426.6
18427
18421
18416
18428.3
18428.4
18442.2
18432.1
18434.3
18458.7
18462.2
18464.5
18464.3
18455.1
18489.3
18505.6
18425.8
18426.3
18418.1
18411.3
18402.3
18416
18414.8
18417.2
18419.5
18427
18511.2
18508.7
18509.2
18509.4
18510.1
18506.2
18508.6
18495.6
18422.3
18421.8
18421.6
18422.1
18427.9
18423.6
18423.2
18424.8
18424.2
18422
18418.5
18415.2
18417.5
18419.1
18417.7
18416.9
18413.5
18407.1
18406.8
18404.5
18408.5
18407.6
18404
18359.3
18355.3
18355.1
18354
18353.6
18351.6
18351.8
18350.4
18334.3
18336.6
18325.3
18327.2
18325.2
18324.9
18336
18312.5
18321.3
18300.6
18301.2
18301.9
18291.1
18286.9
18285.5
18291.1
18298.5
18300.6
18299.5
18299.4
18299
18299.5
18298.9
18298.7
18298.5
18298.5
18297.1
18291.5
18285
18285.4
18285.5
18285.7
18285.5
18285.6
18285.5
18419.9
18418.4
18417.8
18418.2
18416.7
18418.5
18417.9
18412.5
18414.2
18411.2
18410.3
18377.7
18378.2
18368.2
18363.3
18354.7
18352.9
18352.3
18352.4
18350.4
18395.3
18391.8
18390.9
18390.4
18390
18390.5
18389.8
18385.3
18383.3
18382.9
18413.9
18414.1
18415.8
18417
18418.2
18418.8
18418.6
18418.9
18419.1
18418.2
18417.6
18394
18392.1
18394.1
18395.5
18395.8
18396.3
18397.7
18392
18392.7
