29869.4
29061.8
28386.3
27846.2
27390.9
27020.4
26735.3
26433.7
26224.1
26060.8
25928.3
25816.7
25630.7
25557.7
25492.8
25431.6
25368.8
25307.8
25247.9
25186.1
25125.8
25064.1
25005.3
24946.3
24891.4
24837.7
24789.2
24742.9
24689.2
24647.9
24602.3
24558.6
24512.6
24468.2
24425.3
24365.8
24303.5
24254.6
24205.6
24174.3
24103.9
24089.8
24084.5
24098.3
24105.9
24123.7
24141.3
24162.3
24177.3
24194.1
24215.7
24238.4
24261.5
24285.5
24309.6
24334.2
24358.6
24383.2
24407.3
24431.4
24454.6
24477.5
24499.3
24514.3
24522.2
24521.6
24525
24528.3
24523.4
24497.2
24478.6
24482.2
24489.7
24496.3
24501.6
24505.8
24508.6
24510.3
24510.5
24509.6
24507.3
24504.1
24499.5
24494.1
24487.4
24480.2
24471.8
24463.1
24453.4
24443.5
24432.8
24422.1
24410.9
24399.8
24384.4
24368.7
24357.1
24346.2
24335.3
24325.1
24315
24305.8
24296.8
24288.6
24280.8
24273.9
24267.4
24345
24458.5
24599.1
24754.8
24926.9
25104
25292.5
25480.1
25676
25867.7
26064.9
26256.4
26449.7
26637.6
26832.2
27000.2
27171.6
27275.3
27363.6
27424.8
27481.6
27487.9
27499.3
27476.3
27434.5
27379.2
27317.8
27261.8
27239.9
27171.6
27104.8
27029.7
26961.4
26879
26811.3
26732.8
26673.6
26604.7
26558.1
26502
26469.6
26381.6
26353.6
26320.9
26307.2
26296.1
26269.5
26243.8
26272.6
26296
26340.4
26305.2
26365
26389.6
26460.9
26504.6
26500.6
26538.6
26568
26592.2
26645.4
26710.1
26718
26785.1
26856.2
26904.4
26944
26986.6
27031.6
27075.1
27139.2
27157.3
27183
27243.5
27265
27302.2
27333.3
27341.6
27371.7
27345.2
27384.5
27362
27341.7
27319
27287.7
27261.2
27199.2
27216.1
27166.2
27133.2
27079.6
27041.4
26961
26909.9
26838.9
26804.6
26726.3
26660.6
26588.5
26448.9
26373.3
26311.2
26258.9
26196.2
26147.6
26038.3
25994.9
25954.5
25916.7
25881.9
25849.5
25820.1
25793.1
25766.7
25744.2
25723.1
25705
25686.9
25672.2
25657.4
25634.3
25622.1
25612.5
25593.2
25574.9
25567.2
25562.1
25547.8
25545.9
25535.5
25538.1
25533.3
25531.3
25541.1
25553.5
25556.7
25564
25571
25577.1
25582.4
25586.9
25590.3
25592.8
25594.9
25596.7
25598.6
25600.8
25603.3
25606.5
25610
25614
25618.5
25623.4
25628.4
25633.6
25638.2
25643.3
25647.8
25652.9
25657.3
25662.1
25666.2
25670.7
25674.4
25678.4
25681.5
25684.9
25687.4
25690.2
25692
25694.1
25695.1
25696.3
25696.2
25696.2
25694.8
25693.6
25686.1
25681.4
25712.7
25757.3
25814.7
25875.4
25943.4
26009.9
26077
26136.8
26196.8
26248
26299.5
26341.4
26384
26416.7
26451.2
26475.7
26503.3
26520.9
26542.5
26553.2
26547.5
26502.2
26439.3
26385.8
26342.9
26286.2
26247.4
26196.1
26158.3
26108.2
26059.6
26024.9
26006.8
25974.4
25945.3
25926
25922.9
25905.8
25891.1
25879.6
25866.1
25856
25866.9
25863.8
25862.8
25861.3
25860.9
25860.8
25882
25886.5
25893.7
25898.1
25904.4
25914.7
25926.8
25937.9
25950.6
25962.3
25975.8
25988.3
26002.7
26015.8
26030.7
26043.9
26058.6
26071.2
26084.8
26095.8
26107.4
26116
26125.1
26130.9
26137.1
26139.8
26143.2
26142.7
26142.4
26138.4
26134.8
26127.6
26121.3
26111.7
26103.5
26092.6
26083.5
26072.1
26063
26051.8
26043.3
26032.9
26025.5
26016.2
26010.1
26001.3
25993.2
25985.6
25978.7
25972.4
25966.8
25961.6
25957.2
25953.2
25949.9
25946.8
25944.2
25941.7
25939.6
25937.2
25935
25932.4
25929.6
25926.2
25922.4
25917.7
25912.5
25906.2
25899.2
25890.9
25881.7
25871.3
25859.9
25846.8
25832.7
25816.8
25799.9
25781.7
25763.3
25744.7
25727.2
25710.6
25695.9
25682.5
25671.3
25661.8
25654.4
25648.5
25644.7
25642
25641
25641
25642.3
25644.2
25647.3
25650.7
25655.1
25659.5
25664.6
25669.6
25675.1
25680.2
25685.7
25690.7
25696
25700.6
25705.1
25708.8
25712.4
25714.9
25717.2
25718.5
25719.4
25719.3
25718.9
25717.5
25716
25713.4
25710.8
25707.4
25704.1
25700
25696.2
25691.8
25687.8
25683.3
25679.3
25675
25671.2
25667.2
25664
25660.5
25657.8
25655
25653
25650.9
25649.6
25648.1
25647.5
25646.8
25646.8
25646.6
25647.2
25647.5
25648.6
25649.2
25650.6
25651.5
25653
25654
25655.6
25656.6
25658.2
25659.2
25660.6
25661.4
25662.5
25663
25664
25664.4
25665.2
25665.3
25665.8
25665.7
25666
25665.6
25665.6
