22623.8
22623.8
22623.8
22623.8
22623.8
22623.8
22623.8
22623.8
22623.9
22623.9
22623.9
22623.9
22623.9
22623.9
22625.6
22625.9
22621
22628.2
22621.1
22618.8
22621
22613.4
22613.5
22621.4
22621.1
22616.9
22607.1
22607.3
22606.8
22612
22591.1
22602.6
22603.3
22594.2
22575.3
22564.9
22554.5
22567.5
22547.1
22578.8
22597.4
22545
22572.2
22575.2
22591
22596.2
22593.9
22481.5
22492.4
22556.4
22583.8
22636.2
22603.5
22600.5
22612.2
22563.6
22590.9
22598.7
22604.4
22619.5
22602.1
22613.2
22616.9
22615.7
22604.5
22607
22599.2
22606.2
22612.7
22616.2
22613.6
22602.1
22615
22594.2
22596
22598.8
22605.4
22604.4
22605.5
22607.4
22616.3
22603.6
22609.7
22561.9
22486.8
22547.8
22583.3
22541.9
22467.1
22545.2
22654.3
22632.9
22533.3
22564.1
22643.7
22686.2
22652.3
22627
22611.5
22598.4
22603.6
22609.7
22597.1
22498.7
22522.9
22551.3
22571.3
22567.2
22580.4
22568.5
22561.7
22616.7
22582.8
22622.1
22618.2
22605.8
22581.3
22597.5
22601.8
22618.5
22632.3
22616.1
22614.5
22616.3
22620.6
22625.4
22617
22621
22621.9
22629.6
22613.8
22616.1
22620
22625.4
22621.8
22621.5
22627.1
22657.3
22644.3
22637.5
22632.9
22627.9
22601.4
22620
22635.1
22629.3
22578.9
22585.7
22571
22591.5
22608
22619.4
22621.8
22625.9
22628.5
22626.6
22609.8
22604.3
22616.9
22624.2
22620.7
22623.5
22590.9
22599.3
22611.6
22617.7
22622.8
22621.2
22615.7
22590.7
22660.5
22601.2
22610.7
22617.5
22645
22628.4
22618.3
22610
22611.9
22617
22619.9
22617.2
22614.1
22618.1
22659.8
22657.9
22645.5
22634.8
22628.6
22621.7
22627
22624.5
22626
22628.1
22689.1
22639.6
22629.7
22632.9
22626.9
22622.3
22589.3
22606.4
22608.7
22613.8
22620.1
22611.1
22614.5
22660.1
22715.6
22665.7
22643
22609.2
22603.4
22613.4
22618.9
22618.1
22617.8
22624.7
22626.3
22663
22635
22625.9
22621.5
22616.5
22601.9
22610.7
22617.6
22619.1
22616.4
22621.5
22622.9
22624.6
22628.8
22629
22625.6
22624.8
22630.7
22629.5
22626.7
22614.7
22615.1
22618.6
22621.9
22623.7
22617.3
22615.8
22621.8
22622.2
22632.7
22626.8
22624.5
22622.6
22623.7
22624.3
22625.2
22627
22626.4
22623.7
22628.4
22628.2
22527
22565.1
22593.9
22608.2
22570.6
22594.9
22609
22617.1
22620.9
22622.2
22624.5
22624.2
22625.7
22593
22610
22614
22597.2
22607.8
22615.2
22615.8
22621.6
22622.5
22618.1
22621.6
22622.7
22621.7
22624.7
22621.7
22626.2
22622.7
22632
22626.9
22625.4
22626.7
22621.2
22623.2
22626
22624.5
22623
22621.7
22622
22618.5
22622
22621.4
22620.8
22626.2
22627.2
22569.7
22572.6
22593.8
22608.8
22617.7
22585.8
22603.7
22607.5
22614.7
22612.9
22618.9
22621.8
22622.8
22623.5
22623.9
22617.5
22598.9
22609.2
22616.1
22619.7
22621.4
22612.6
22616.9
22619.3
22597.9
22611.5
22614.2
22617.1
22611.3
22613.8
22610.7
22617
22635.9
22627.1
22621.2
22621.6
22626.5
22626.7
22585.6
22605.4
22615.7
22620.9
22622
22621.9
22623.3
22671
22642.1
22628.5
22624.6
22626.7
22621.9
22621.8
22624.5
22624.1
22623.1
22622.7
22622.8
22623
22624.5
22626.1
22623
22620.6
22622.5
22622.7
22619.9
22606.9
22615.3
22620.2
22621.4
22623.3
22624.2
22622.2
22617.4
22619.9
22621.7
22622.2
22622.6
22622.7
22622.1
22622.2
22622.1
22621.9
22621.8
22622
22621.9
22621.7
22622.2
22625.3
22626.9
22626
22625.7
22625.8
22624.4
22608.6
22618
22620.9
22622
22622.6
22622.9
22622.8
22622.6
22579.8
22601.7
22609.9
22617.5
22621.1
22618.8
22615.9
22618.9
22619.7
22621.7
22622.4
22625.4
22624.8
22624.3
22624.3
22622
22621.4
22621.9
22623.6
22625.9
22624.9
22622.5
22619.1
22632.7
22637.3
22599.5
22612.7
22620.1
22608.2
22612
22620.7
22645.5
22620.8
22624.6
22625.3
22613.2
22585.5
22606.9
22590.7
22611.1
22619.8
22621.8
22624.4
22624.9
22623.8
22624
22625.1
22613.1
22617.3
22654.8
22628.9
22621.8
22618.7
22621.7
22595.2
22614.7
22613.1
22624.8
22621.6
22603.5
22603.6
22580.3
22601.7
22610.4
22618.8
22621.8
22625.9
22626.7
22623.1
22625.4
22643.5
22633.3
22627.8
22616.8
22575.4
22597.3
22603.6
22624.7
22647.3
22632
22649.1
22641
22601.1
22603.6
22612.8
22615.6
22619.6
22623.6
22604.7
22608.5
22616.9
22621.7
22586
