39776.6
39776.6
39776.7
39776.8
39776.8
39776.9
39777
39777.1
39777.2
39777.3
39777.3
39777.3
39777.3
39777.3
39777.3
39777.4
39777.3
39777.4
39742.4
39759.7
39768.5
39772.9
39774.9
39775.2
39775.5
39776.1
39776.2
39776.4
39776.3
39776.4
39776.5
39776.5
39776.6
39776.8
39776.7
39776.9
39777.1
39777.1
39777.3
39777.6
39777.7
39777.9
39778.3
39778.4
39778.6
39779
39779
39779.1
39798.7
39788
39782.8
39780.3
39742.4
39759.8
39768.6
39772.9
39774.9
39775.2
39775.3
39775.5
39775.7
39775.7
39775.9
39776
39776
39776.1
39776.2
39776.1
39776.2
39776.3
39776.3
39776.3
39776.4
39776.4
39776.5
39776.6
39776.5
39776.6
39776.7
39776.6
39776.7
39776.8
39776.7
39776.8
39776.9
39776.8
39775.2
39773
39764
39766.5
39767.7
39768.2
39768.6
39768.7
39768
39766.2
39768.7
39765.5
39763.9
39761.9
39760.9
39759.6
39756.7
39754.2
39753.3
39752.2
39751.6
39750.8
39750.6
39749.9
39749.6
39748.7
39748.2
39747.7
39737.3
39741.9
39744.3
39745.5
39746.5
39746.8
39747.6
39747.9
39748.1
39748
39746.5
39745
39744.6
39692.3
39715
39845.1
39787.8
39755.8
39739.5
39729.4
39725.4
39653.1
39685.5
39700.1
39707
39710.3
39709.9
39709.7
39707.5
39705.9
39703.1
39700
39698.7
39697
39694.2
39697.8
39696
39653.7
39668.5
39689.2
39697.8
39704.1
39601.3
39659.3
39691.6
39708.9
39716.3
39721.9
39624.6
39687
39713.9
39727.2
39736.8
39743
39747
39656.8
39702.6
39723.9
39737.7
39746.9
39782.2
39771.6
39761.3
39757.8
39756.8
39757.4
39801.9
39778.8
39767.3
39762.1
39759.2
39760
39759.9
39760.6
39761.3
39762
39763
39763.9
39763.5
39764.1
39764.8
39729.9
39650
39710.1
39740.1
39756.1
39763
39767.5
39768.6
39825.7
39797.8
39784.4
39778.6
39775
39772.1
39770.7
39768.5
39829.4
39799.9
39785
39780.2
39752.4
39764.2
39768.8
39768.9
39752.7
39623.6
39844.9
39773.2
39785.7
39776.5
39752.2
39760
39748.6
39760.4
39746.9
39752.9
39756
39757.6
39712.5
39731
39747.3
39707
39736.1
39751.4
39757.9
39769.6
39767.3
39766.1
39765.9
39765.7
39766
39775
39761.2
39766
39768.6
39769.9
39770.6
39770.1
39770.3
39720.1
39745.8
39758.6
39765.3
39768.8
39770.5
39770.8
39770.8
39770
39769.5
39769.4
39769.5
39769.8
39769.7
39769
39769.4
39769.7
39714
39690.1
39728.3
39747.8
39756.8
39759.4
39763.5
39773
39773.1
39780.3
39770.4
39765.9
39685.6
39755
39758.5
39805.6
39786.1
39776.2
39769.7
39766.8
39765.8
39765.5
39766.7
39766.9
39767.6
39768
39768.2
39768.6
39768.9
39768.5
39768.5
39769
39769.3
39769.9
39770.4
39770.8
39771.1
39771.6
39760.3
39767.5
39771.3
39772.4
39772.9
39773.1
39773.1
39773
39772.9
39772.6
39772.4
39772.2
39772
39771.8
39771.6
39771.6
39771.8
39771.7
39771.6
39771.7
39771.7
39772
39772
39772
39771.9
39771.9
39771.8
39771.9
39772.2
39772.1
39772.5
39772.7
39772.8
39772.7
39772.8
39772.8
39773
39773.1
39773.4
39773.4
39773.6
39773.5
39773.6
39773.4
39773.4
39773.1
39772.9
39772.8
39772.6
39772.2
39772.2
39772
39772.1
39772.1
39772.3
39772.2
39772.2
39776.7
39775.2
39773.8
39773.1
39772.8
39772.6
39772.5
39772.5
39772.5
39772.7
39772.8
39772.7
39772.8
39772.8
39772.9
39772.9
39773
39773
39826.6
39800.8
39817.5
39796.5
39786
39780.8
39779.2
39778.2
39777.2
39776.3
39775.3
39774.5
39773.6
39773.4
39773.1
39772.8
39772.7
39772.7
39772.5
39772.6
39772.6
39772.7
39772.7
39772.9
39813.7
39794.7
39783.8
39780.4
39779.2
39778.6
39777.9
39777.3
39776.6
39776
39775.3
39774.7
39774.3
39774
39773.7
39773.7
39773.6
39773.7
39773.8
39763.2
39769.9
39773
39773.5
39773.9
39774.1
39774.3
39774.5
39774.7
53739.9
46931.8
43667.1
41639.2
40712.2
40245.6
40011.4
39894.3
39835.5
39806.3
39791.5
39784.4
39780.6
39779.8
39779.2
39779.1
39778.7
39778.6
39778.1
39777.9
39777.6
39777.3
39776.9
39776.5
39776
39775.5
39775
39774.7
39774.4
39774.3
39774.2
39774.3
39774.3
39774.3
39774.2
39774.2
39774.3
39774.4
39774.5
39774.5
39774.6
39774.7
39774.7
39774.9
39786.5
39781.6
39780
39779.3
39779
39743.9
39760.4
39768.7
39772.8
39774.4
39774.8
39775
39775.2
39775.3
39775.4
39775.5
39775.6
39775.7
39775.8
39775.8
39775.9
