19898.4
19841.6
19762.6
19746.8
19749.6
19734.8
19746.7
19716.4
19728.8
19710
19708
19693.8
19673.4
19626.9
19631.7
19609.7
19611.1
19601.2
19610.7
19593.6
19611.3
19609.2
19614.6
19609
19623.3
19600.3
19619.9
19628.1
19622.6
19625.2
19622.4
19600.1
19611.1
19609
19606.5
19609.6
19620.3
19600.4
19614.8
19611.9
19602.4
19611.8
19617.2
19601.5
19623.4
19639.9
19645.6
19602.6
19614.6
19589
19584.6
19590.5
19600.3
19582.7
19527
19535.1
19531
19518.9
19512.3
19529.3
19632
19973.4
20484.7
21108.6
21834.6
22588.1
23412.3
24277.9
24944.7
25841.8
26508.4
27239.4
28144.6
29048.4
29609.3
30446.6
31280
31848.9
32642.7
33388.7
34094.8
34739.6
35295.3
35714
35859.8
36314.4
36815.2
37256.8
37665.3
38012.5
38330.8
38581.5
38806
38958.9
39088.2
39130.4
39094.1
39007.9
38827.3
38359.8
37985
37276.3
36614.2
35967.1
35356
34674.2
34412.8
33956.3
33245.1
32475.1
31790.4
30345.1
29331
28229.7
27186.8
26276.1
25451.5
24519.8
23822.7
22992.6
22381.8
21356.7
20908.7
20488.7
20195.3
19966.6
19566.6
19042.7
18805.3
18827.1
19173
19258.4
19259.4
19883
20418.5
21175.7
21816.1
22455.1
23230.4
23705.6
24539
25168.6
25801.3
26045.5
26548.9
26722.7
27026.7
27393.6
27687.3
27891.9
28056.1
28156.9
28120.4
28066.3
28094
28111.2
28215.5
28592.4
28614.8
28448.3
28346.8
27925.2
27668.6
27515.8
27184.3
26651.6
26526.7
26069.3
25890.5
25308.1
24541.6
24078.3
23726.7
23350.1
22317.8
21794.7
21395
21070.8
20822.1
20397.2
20032.8
19115.5
18899.5
18697.4
18582.5
18512.3
18537.1
18607.9
18617.9
18791.8
19008.8
19221.5
19449
19563
19658.8
19695.6
19726.3
19713.5
19687.4
19610.9
19618.3
19490.4
19375.3
19257.6
19187
19135.2
19143.1
19161.7
19357.5
19392.7
19292
19294.2
19291.5
19244.2
19206.8
19140.5
18905.4
18807.3
18838.6
18882.8
18906.7
19024.4
19194.2
19349.7
19537.1
19397.9
19423.7
19565.7
19725.2
19848.4
19990.3
20178.7
20431.4
20511
20740.3
20771.3
20814.6
20679.1
20799.3
20804.7
20837.9
20855.5
20897.5
20917.1
20823.9
20819.2
20823.6
20738.1
20708.5
20635.8
20561.1
20430.4
20291.5
20092.8
19718.2
19477.7
19257.1
18935.2
18720.6
18499.8
18343.1
18195
18114.9
18037.9
18011.5
17966
17951.3
17760
17745
17705.2
17827.6
17682.6
17737
17779.9
17865.3
17933.1
18054.1
18153.4
18403.1
18515.6
18673.5
18805
18977.4
19119.4
19296.7
19442.8
19622.3
19775
19962
20126.8
20323.3
20578.2
20942.6
21105.9
21193.7
21320.3
21328.4
21404.8
21482
21510
21536.5
21514.4
21491.7
21423.3
21358.1
21252.2
21155.7
21024.4
20909.1
20626
20431.9
20286.8
20168.5
20029.8
19921.4
19795.7
19702.7
19594
19518.5
19426.6
19367.3
19288.6
19241.5
19171.1
19228.1
19163.3
19130.2
19071.5
19048
19001.6
18995.6
18970.5
18990.6
18993.7
19043.7
19075.4
19151.7
19204.9
19297.2
19360.1
19455.5
19515.6
19602.9
19651.1
19724
19756.4
19813.6
19830.6
19873.7
19877.2
19908.1
19899.9
19919.7
19901.4
19911.1
19883.9
19885.1
19851.3
19847.2
19810.5
19805.1
19769.4
19766.5
19734.9
19736.6
19710.6
19717.5
19697.3
19708.6
19693
19707.1
19694.3
19709.1
19696.7
19710.3
19696.7
19708.8
19694.5
19707.1
19694.9
19712
19705.7
19730.8
19733.2
19767.9
19778.7
19890
19903.7
19946.3
19959.5
19999.3
20007.2
20039.8
19947.5
19742.5
19735.1
19752.1
19733.2
19740.4
19712.2
19712.1
19677.2
19672.7
19634.1
19627.7
19588
19582.2
19543.7
19540.6
19505.4
19506.8
19476.3
19482.9
19457.9
19469.9
19450.4
19467
19452.4
19472.7
19462.3
19485.3
19478.1
19503
19497.2
19522.5
19519
19546.4
19545.8
19576.4
19580
19614.7
19623.3
19662.6
19676.2
19719.5
19736.8
19782.2
19800.7
19845.5
19861.9
19902.6
19913.6
19947.1
19949.8
19973.9
19966.4
19980.2
19962.6
19967.1
19940.9
19938.5
19906.8
19900.9
19866.9
19860.6
19827.1
19822.6
19791
19789.3
19760.1
19761.2
19734.2
19737.8
19712.5
19718.4
19694.9
19703.1
19681.2
19691.5
19671.3
19683.3
19664.6
19678.2
19661.3
19676.7
19662.4
19680.6
19670.1
19692.3
19686.8
19713.8
19713.8
19745.4
19750.4
19785.7
19794.1
19831.2
19840.6
19877.1
19969.1
20001.6
20005.4
20033.5
20032.7
20055.5
20049.5
20067
20056.1
20069
20053.9
20063.1
