22623.8
22736.9
22957.2
23274.4
23675.5
24145.8
24670.9
25236.8
25831
26442.2
27061.2
27371.4
27647.4
27917.1
28189.5
28447.3
28697
28897.3
28875.8
28790.1
28670.8
28459
28295.7
28096.9
27913.6
27696.4
27513.5
27234.8
27021.9
26672.2
26462.8
26110.6
25832.5
25499.5
25192.5
24845.8
24563.7
24211.2
23802
23325.9
23098.3
22649.3
22338.4
21932.8
21771.2
21556.2
21088.9
21060.4
20689.3
20338.6
19672.1
19651
20421.3
21270.3
21928.5
22313.5
23160.2
23805.4
24521.1
25083.2
25527.9
25938.3
26404.9
26823.9
27233.4
27261.7
27525.5
27714.4
27920.6
28039.5
28177.5
28189.9
28248.9
28312.6
28313.5
28346.1
28129.5
28138.4
28151.1
28011.4
28002.3
27955.6
27910
27722.9
27612.7
27521.7
27439.4
27326.4
27239.2
26990.2
26853.1
26723.8
26666.3
26644.1
26419.2
26274.2
26189.1
26036.9
25915.6
25750.9
25687
25513.1
25369.2
25200
25259.7
25150.3
25009.1
25016.4
24921.6
24847.4
24827.5
24770.8
24744.6
24670.3
24604.7
24671
24953.4
25024.5
25142
25196.2
25464.6
25499.3
25655.3
25730.6
25914
26045.1
26269.5
26456.9
26718
26943.8
27193.5
27380.7
27566
27701.7
27824.1
27908.3
27972.8
28020.4
27977.9
27995.7
28004.6
27990.3
27972.4
27931.7
27893.9
27833.5
27906.4
27683.9
27633.4
27554.7
27493.5
27398.1
27318.6
27201.9
27102.7
26970.2
26850.9
26711
26599
26468.5
26368.1
26349.2
26267
26169.1
26116.6
26051.5
26022.5
25979.7
25976.4
25954.2
25975
25973.3
26048.4
25950.8
25893.9
25845
25864.4
25763
25824.6
25866.8
25964.9
26032.5
26151
26230.3
26355.3
26439.4
26562
26727.9
26921.8
27017.5
27127.3
27216.1
27316.9
27400.9
27495
27567.4
27647.5
27697.9
27755.1
27775.7
27804.5
27793
27793.1
27752.2
27720.1
27652.6
27608.5
27528.5
27475.9
27391.9
27337.4
27255
27198.4
27117.3
27063.9
26984.3
26931.9
26852.9
26802.8
26725.6
26680.7
26608.1
26572.6
26508.4
26485.9
26434
26426.7
26390.1
26398.4
26378.7
26401.8
26399
26435.5
26448.5
26497.3
26521.8
26513
26510.2
26550.3
26575.4
26639.7
26689.6
26775.1
26845.7
26946.6
27031.7
27130.5
27204.8
27290.1
27352
27423.5
27470.7
27527.6
27558.9
27600.5
27615.5
27641.9
27641.2
27652.8
27637.7
27635.7
27607.6
27593.2
27553.2
27527.7
27476.8
27441.5
27380.7
27337.2
27268.2
27218.9
27143.9
27091.7
27013.3
26961.3
26882.6
26833.8
26757.9
26715.1
26645.3
26611.4
26551
26528.7
26480.8
26472.3
26439.4
26446.8
26430.3
26454.2
26454.4
26494.4
26509.7
26563.8
26591.4
26656.4
26690.1
26723.5
26743.1
26809.9
26847.5
26930.1
26982.3
27075.2
27129.4
27213.1
27262.9
27338.9
27381.7
27447.3
27480.2
27533.2
27553.8
27592.7
27599.1
27622.8
27614
27622.3
27598.5
27592
27554.1
27534.2
27484.1
27452.7
27392.8
27352.7
27285.7
27239.8
27168.8
27120.6
27048.8
27001.6
26932
26888.9
26824.2
26787.8
26729.7
26702
26651.7
26633.7
26592
26584.5
26552.3
26555.7
26534
26549
26539
26566.4
26569.6
26609.9
26626.8
26679.8
26709.9
26774
26814.7
26886.8
26934.3
27010.3
27059.1
27135.3
27182.7
27253.7
27295.3
27358.5
27391.7
27444.9
27467.9
27509.7
27521.5
27551.1
27551.1
27568.6
27556.8
27562.5
27539.2
27534.1
27500.1
27485.1
27441.4
27418
27365.8
27335.4
27276.2
27240.6
27176.2
27137.3
27069.7
27029.7
26961.5
26922.8
26856.5
26822
26760.4
26732.7
26678.7
26660.4
26616.5
26609.8
26577.8
26583.9
26564.8
26584
26577.5
26609.2
26614.5
26657.1
26672.8
26724.7
26749
26808
26839.1
26903.3
26939.1
27006
27044.3
27111.6
27149.7
27214.8
27250
27310
27339.6
27392.3
27413.8
27457
27468.5
27500.7
27501.1
27521.4
27510
27518.5
27495.5
27492.6
27459
27445.9
27402.9
27381.4
27330.7
27302.8
27246.5
27214.4
27154.7
27120.6
27058.8
27025.6
26965.4
26933.9
26876.4
26849.2
26796.2
26774.9
26728.2
26714.5
26675.6
26670.9
26641.2
26646.6
26627.2
26643.3
26634.9
26662
26664.5
26702.1
26714.9
26762
26783.7
26838.4
26866.9
26926.9
26959.8
27022.3
27056.9
27119
27152.5
27211.8
27241.6
27295.6
27319.7
27366.4
27382.9
27421
27428.8
27457.1
27455.4
27473.7
27462
27470.2
27448.9
27447.4
27416.9
27406.7
27368
27350.2
27304.6
27280.9
27229.8
27201.8
27147
27116.7
27059.3
27029.3
26972.9
26944
