22623.8
22623.8
22623.8
22623.8
22623.8
22623.8
22623.8
22623.8
22623.9
22623.9
22623.9
22623.9
22623.9
22624
22625.7
22625.6
22622.2
22625.2
22617
22610.5
22615.5
22610.7
22607.9
22612.4
22603.2
22606.2
22608.6
22608.8
22544.1
22569.3
22603
22580.8
22591.8
22595.9
22595
22603.1
22595.6
22577.1
22590.6
22577.6
22555.6
22569.5
22545.8
22585.1
22593.5
22549.7
22543.6
22568.2
22585.9
22624.9
22615.2
22599.1
22600.6
22600
22612.1
22608.9
22606.7
22597.9
22596.5
22594.6
22604.7
22600.4
22473.8
22542.8
22550.9
22566.7
22585.8
22610.8
22618.6
22633
22643.8
22630.5
22619.5
22621.5
22621.7
22567.6
22602.5
22601.5
22612.2
22618.3
22619.7
22608.9
22612.4
22618
22614.5
22598.6
22594.7
22587.4
22596.6
22600.6
22611.8
22612.7
22620.8
22613.3
22612.4
22612.5
22603.5
22653
22638
22591.7
22600.4
22636
22618.9
22609.7
22608.8
22630.2
22620.9
22595.6
22602.3
22610.6
22602.1
22591.3
22588.4
22555.9
22616.2
22635.3
22616.1
22549.5
22596.8
22610.3
22689.3
22628.9
22590.3
22642.7
22626.6
22633.8
22630.2
22626
22618.9
22629.7
22632.3
22629.1
22627.1
22621.7
22631.6
22615.7
22615.9
22572.8
22582.7
22603.9
22616.2
22645.1
22629.8
22613.6
22615.3
22618.6
22621.3
22625.6
22624.6
22617.9
22612.9
22616.3
22620.5
22621
22621.5
22616.1
22603.9
22611.9
22617.6
22619.7
22621.3
22615
22602.1
22584.3
22595.3
22610.3
22668.2
22645.2
22606.8
22592.5
22606.3
22611.8
22612.9
22619.6
22621.1
22621.2
22621.8
22619.3
22586.7
22597.3
22607.2
22609.5
22623.4
22627.6
22630.3
22631.2
22627.4
22626.9
22610.5
22615.6
22599.9
22611.5
22615
22618.9
22609.7
22616
22620
22640.8
22630.4
22629
22627.4
22628.2
22628.1
22629
22590.4
22601.5
22609.5
22615.7
22601.8
22628.4
22625.3
22625.6
22625.6
22626
22625.9
22622.6
22624.4
22617.1
22632.4
22625.9
22624.5
22622.1
22622.9
22619.6
22621.8
22621.6
22621.8
22604.2
22613.9
22617.7
22617.9
22621.7
22590.7
22606.2
22613.9
22574.4
22596.6
22607.7
22621.3
22621.9
22625.2
22627.8
22642.3
22630.4
22623.3
22623.5
22621.7
22622
22622.8
22621.9
22622.4
22621.6
22623.1
22623.4
22625.8
22626.6
22629.3
22628.3
22627.5
22626.1
22626
22626
22620.3
22622.1
22627.1
22622.2
22643.2
22633.5
22628.4
22625.9
22621.4
22606.6
22621.3
22613.2
22618.9
22618.4
22620.9
22623.7
22626.1
22626.2
22626.3
22625.2
22619.9
22623.8
22625.8
22624.3
22600.6
22608.6
22616
22615.4
22618
22617.9
22639.5
22610.8
22610.2
22613.3
22618.9
22626.3
22618
22588.5
22605.7
22614.9
22617.3
22662.1
22642.3
22633.3
22626.8
22626.3
22640.6
22634.8
22629.7
22626.5
22625.9
22625.8
22624.2
22621.6
22628.7
22622.9
22621.7
22625.3
22623.2
22626.4
22631.1
22628.7
22633.9
22626.9
22595.7
22610.5
22618.9
22598.7
22606.8
22621.6
22622
22621
22622.5
22618.6
22623.1
22567.6
22591.5
22607
22621.6
22620.5
22626.3
22621.5
22588.8
22573.5
22592.8
22599.7
22611.2
22618
22621.1
22622.6
22621
22626.6
22625.8
22619.8
22616.2
22620.2
22620.5
22616.6
22620.3
22622.4
22624.7
22624.1
22621.4
22620.5
22621.6
22622
22621.8
22622.4
22621.7
22621.8
22622.4
22623
22622.4
22621.9
22621.6
22627.1
22627.4
22625.7
22626.1
22626.1
22625.9
22625.2
22625.3
22618.7
22621.2
22621.9
22622.4
22622.6
22622.6
22622.3
22622.3
22621.9
22621.3
22622
22570.5
22596.4
22605.6
22583.4
22603.8
22613
22635.9
22628.2
22626.1
22625.5
22625.4
22625.1
22625
22624.8
22621.2
22621.7
22621.8
22622.1
22622.1
22622.2
22622.1
22622.2
22622.2
22621.9
22622.5
22622.7
22622.8
22622.8
22622.8
22621.8
22622.1
22622.5
22623.6
22624.4
22625
22625.5
22624.1
22623.3
22622.4
22622.2
22622
22622.6
22623.2
22623.8
22623.9
22623.9
22623.7
22623.4
22624.6
22624.9
22625
22624.9
22624.9
22624.8
22624.7
22624.6
22624.6
22623.2
22582.6
22601.8
22609.6
22607.6
22579.5
22599.2
22611.8
22619.5
22622.2
22619.3
22622.2
22622.8
22621.9
22623
22622.1
22622.8
22624.3
22624.9
22622.9
22617.2
22621.5
22597.6
22610.9
22617.8
22621.2
22622
22622.5
22622.6
22622.8
22621.6
22628
22627.2
22626.2
22654.8
22639.2
22633.1
22629.2
22627.8
22626.7
22626.3
22626.3
22627.7
22621.8
22620.3
22620.6
22619.2
22617.6
