20238.7
20175
20096.7
20107
20177.5
20154.3
20100.4
20121.1
20088.7
20046.4
20036.4
20000.9
19987.2
19943.8
19855.2
19869.3
19828.8
19772.2
19746.8
19732
19664.2
19685.5
19653.7
19610.4
19544.6
19527.8
20074.1
19514.9
19491.5
19381.6
19454.7
19423.6
19362.5
19337.6
19343.4
19331.8
19571
19950.2
20053.5
20131.8
20687.1
20640.6
20784
20862.2
20903.3
21333.5
21610.4
22305.6
22282
22402.5
22568.8
22863.9
22924.6
23332.4
23811.3
24146.4
24032.9
24027.7
24059.9
24164.4
24095.9
23879.6
23814.4
24053.5
24118.5
24169.8
24349.3
24275.6
24174.1
24135.5
23602.5
23710.9
23971.4
23671.6
23533.1
23585.8
23893.4
23611.9
23604.5
23574.7
23671.3
24540.2
24230.8
24220.7
23874.6
23915.8
23780.5
23869.7
23970.1
23780.9
23352.4
23089.7
22950.1
22751.2
22527.4
22304.5
22267.2
22463
22144.9
21930.3
21871.6
21732.2
21652.3
21593.7
21473.6
21440.2
21549.6
21446.8
21625.4
21634.6
21514.8
21628
21727.7
21817.4
22525
22660.8
22685.3
22617.8
22669.4
23127.7
23331.1
23390.5
23587.1
23527.4
23776
23757.1
23741.8
23886.5
24086.3
24097.5
24122.7
24182.5
24133.6
24096.6
24095
24028.9
24065.9
23979.5
24137.6
24116.5
24167.7
24161.2
24488.8
24338.5
24396.7
24476
24515.8
24493.3
24506.5
24595.1
24645.7
24947.6
24941.9
25027.1
25038.2
24972.2
25156.3
25346
25189
25169.4
25281.1
25238.2
25241.6
25167.1
25169.6
25236.6
25057.6
24964.2
24944.1
25040.5
24854.4
24831.2
24749
24902.7
24941.5
24978.4
24806.2
24882.2
24924.8
25039.8
24887.2
24875.7
25096.2
24953
25013.6
24977
24990
25300.1
25286.9
25430.5
25407.8
25410.9
25430
25512.3
25483.1
25500.5
25666.8
25548.4
25731.8
25765.5
25912.8
25717.6
25772.9
25818.7
25808.7
25848.7
25850.5
25852.1
25822.7
25971.6
26025.6
25993.4
25812.1
25944
25932.9
26141.8
26222.7
26392.7
26431.4
26430.2
26440
26429
26667.8
26665.2
26648.9
26610
26825.7
26829
26580.9
26650.7
26647.9
26713.3
26829.9
26844.1
27002.8
27016.2
27041.1
26983.1
27020.7
27055.7
26984.5
26984.1
27005.1
27009.2
26994.8
26986
27186.9
27170.4
27164.9
27166.8
27143.4
27128.2
27112.1
27325
27223
27240.8
27226.4
27222.9
27231.2
27206.5
27378.3
27406.5
27415
27370.6
27272.5
27310.9
27431.9
27622.1
27537.2
27782.8
27759.3
27722
27731.1
27745.8
27863.4
27818.6
27808.8
27797.3
27786.2
27753.5
27733.3
27712.2
27685.6
27614.7
27575.7
27556.9
27541.2
27665.8
27641.2
27652.2
27630.3
27608.8
27590.9
27561.8
27548.8
27539.9
27532.4
27536.9
27542
27556.5
27573.3
27524.5
27538.9
27555.3
27504.7
27538.8
27502.6
27516.6
27517.6
27476.2
27444.6
27433.7
27460.7
27447.3
27574.9
27385.8
27336
27306.8
27336.9
27320.2
27326.1
27404.5
27437.3
27619.5
27635.8
27599.7
27675.2
27750.3
27740
27609.5
27622.7
27622.1
27638.5
27637.8
27633.3
27677.5
27673.4
27641.7
27626.4
27645.8
27649
27762.1
27554.8
27653.4
27659.1
27632.9
27622.4
27645.4
27626.4
27839.1
27756.9
27751.4
27735.6
27722.5
27687.4
27813.2
27872
27875.3
27872.3
27873.9
27861.3
27836
27866.1
27767.9
27814
27825.3
27835
27858.3
27851.4
27914.2
27863
27853.7
27875.5
27855.4
27868.1
27851.7
27861.4
27874.1
27863
27852
27846.6
27852.1
27765.5
27740.5
27734
27730.4
27693
27700.9
27471.6
27471.4
27451.7
27431.6
27429
27422.7
27358.4
27321.4
27116.4
27139.4
27136.7
27162.3
27167.4
27188.2
27200.3
27328.7
27326.7
27311.2
27241.5
27278.6
27293.2
27324.2
27302.9
27284
27213.1
27152.8
27126.3
27133.9
27221.7
27198.2
27196.6
27195.9
27014.2
27057.2
27104.7
27044.5
27045.8
27066.4
27106.3
27058
27107.1
27103.2
27118.5
27136.6
27129.6
27115.5
27071
27079
27077.8
27089.2
27081.1
27075
27055.8
27055
27258.8
27324.6
27314.1
27321.3
27325.2
27320.1
27305.1
27295.6
27334.9
27342.9
27340.6
27469.5
27476.2
27474.3
27480
27464.8
27449.4
27483.2
27417.8
27408.5
27402.9
27414
27362.8
27440.3
27492.9
27543
27529
27500.8
27504.1
27525
27486.2
27500.7
27513.2
27531.9
27543.1
27537.8
27714.2
27518.2
27701.8
27682.4
27652.9
27623.1
27593.2
27574.9
27517.7
27497.5
27468
27446.8
27201.7
27249.2
27232.9
27213.8
27113.1
27105.6
27087.6
27155.7
27125.1
27122.4
27107.1
