19886.6
20091.1
20797.4
21096.2
21175.2
22004.3
21605.9
22665.3
23319.5
23204.7
22205.4
22305.1
22463.9
22921
22223.6
22092.3
22056.3
22614.9
22227.1
22148
21967.2
21975.6
22045.9
22473.8
21943.6
22030.8
22265
22183.3
21744.8
22031.6
21643.8
21637.9
21423.8
21498.4
21787.5
21006.3
21456.4
21981.4
21405.6
21419.9
21088.1
21022.5
21770.4
21094.5
21283.8
21946.3
21257.6
21358.9
21233.5
20801.9
21447.9
20897.4
21360.4
21042.1
21145.1
20704.8
20582.8
20736.2
21478.2
21340.9
20891
20745.8
21199.5
21278.6
20916.7
20898.3
21154.1
21179.6
20961.3
21115.5
20917.7
21075.5
26175.3
22706.2
21696.8
21613.7
22616.1
21524.3
22071.8
21292.4
21453.1
22096
22184.5
22065.2
23366
22685.8
22955.5
22847.7
22645.4
22717.7
22945.8
23436.8
23127.6
23556.6
23515.8
23443.5
24401
23881.4
24276.2
24224.3
24518.7
24774.9
25379.3
25093.6
25147.2
25683.6
25260.5
25385.4
25402.2
25701.3
25511.3
25402.7
25613.7
25491.9
25491.9
25328.7
25438
25483.2
25988.5
25567.9
25427.3
25430.2
25533.2
25363.6
25539.9
25245.6
25667.3
25437.8
25095.8
25007
24978.3
24806.3
25194.6
24790.6
24890.7
24762.4
24454.6
24725.8
24708.1
24585.6
24170.3
25010.2
25078.3
24523.7
24626
23964.6
23966.3
24130.2
23844.7
23828.2
23762.8
24026.9
23658.6
24483.8
23553.5
24215.1
24109.9
24399
24002.4
23937.6
23821.1
23691.5
23838.8
24172.8
24137.4
24115.6
24348
24292.2
24544.8
24109
24545.7
24298.5
24573.3
24841.8
24799.9
24914
25434.8
24871.1
25052.2
25159.5
25659.5
25044.5
25046
25144.4
25266.1
25292.1
25446.5
25350.5
25142.6
25197.4
25422.1
25237.6
25434.3
25630.5
25432.1
25710.7
25388.2
25414.3
25832.2
25668.5
25479.8
25578.1
25667.2
26412.7
25752.2
26336.1
25571.4
25896.1
25804
25650.5
25973.1
26074.6
25706.6
25693.8
25804.7
26344.2
25894.6
25722.8
26062.7
25691.1
26004
25978.8
26728.5
25817.1
26159.8
26119.6
26160.2
26049.4
25983.9
25868.6
51785.6
29025.7
26416.5
25749.1
26270.3
25256.8
26054.9
26601.6
26403.6
26429.2
25870.9
27382.9
26214
26208
26255.9
26994.4
26360.9
26246.6
26191.2
26198.7
26242.6
26209.6
25972.9
26443.8
26048.6
26185.3
26862
26372.3
25913.3
26885.1
26249.4
26031.2
26421.5
26085.4
26416.3
26583.6
26615.9
25922
26186.8
26304.2
26238.8
26062.5
26205
26277.2
26893
26655.6
25980.1
26210.8
26071.7
26473.6
26424.9
26301.8
25888.7
26744.1
25967.6
26504.8
26137.2
26142.7
26271.5
26275.2
26462.3
25975
26512.9
26261.4
26697.9
26072.2
25919.4
26317
25828.3
26302.4
25992.5
25992
26758.8
26307
25813.5
26136.8
25892.5
26293.7
26120.2
26232.6
25846.8
26585.5
26223.9
26912.4
25918.1
26476.7
26526.2
26328.1
26403.7
26308.2
26011
26573.1
26224.6
26019.9
26314.4
26364.5
26069.8
26991.4
26607.2
26376.2
26499.1
26201
26047.6
25913.4
26552.9
26220.5
26429
26279.6
26647.2
25693.9
46271.8
29379.5
26807.3
26540.8
26152.9
26653.2
26804.6
26131.1
26232.3
26500.7
26305.7
26191.8
26587.6
26435
26102.8
26476.2
26467.9
26198.7
27231.2
26075.3
26461.6
26264.9
26410.1
26293.8
26313.4
33089.3
28411.6
26983.1
26579.6
26290.2
26371.5
26277.3
26037.5
26146.5
26347.3
26330.1
26694.3
26238.1
26406.1
26645.1
26890.7
26670.6
26817.9
55498.7
31988.1
27474.2
27535.4
26238.5
26464.9
26469.1
26516.8
26824.7
26681.1
26361
26913.2
28690.6
26154.2
26435.8
26834.3
26493.7
64214.2
32565.2
26875
26965.5
26520.9
26783.8
27052.1
26919.4
26627
26795.6
26730.9
26630.8
26611
26511
26251.3
26801.4
26726.8
54568.9
28785.4
26817.7
26508.6
26798.6
26597.6
26961.7
26872.8
26258.5
26758.7
26600.9
26442.7
26595.9
26745.1
26932.8
26976.5
26358.2
26396.7
26807.6
26345.7
26514.5
26256.2
26414.1
26565.5
26327.5
27356.4
26808.1
49055.6
29444.3
26809.4
26829.6
27240
26382.1
27187.9
27234.7
46887.4
30416
26819.5
49620.2
28201.9
26918.9
26713.6
26700
27184.7
26490.4
26308.7
27078.3
26475
26856.5
26591.8
26533.8
26995.1
26125.2
26534.6
26687.7
48248.5
29885
26910.9
26224.2
26460
27255.7
26455.8
26920.8
26911
26625.4
26269.8
26752.7
27012.4
26795
27078.7
26245.7
26694.9
26683.6
26713.7
26630.6
26606.1
26692.6
26549.5
26422.7
25971.6
26663.7
58378.5
31378
27876.6
