22623.8
22623.8
22623.8
22623.8
22623.8
22623.8
22623.8
22623.8
22623.9
22623.9
22623.9
22623.9
22623.9
22624
22847
22746
23063.6
22772.2
22977.8
23644.7
23073.3
23358.5
23157.7
23575.4
23645.3
23942.5
22918.4
23109.3
23067.3
23069.2
23147.3
23558.3
23344.2
23206.8
22978.3
22773.2
22714.2
22765.6
22724.9
22659.3
22709.1
22651.4
22696.1
22656.1
22701.1
22705.8
22662.4
22640.4
22618.7
22609.7
22593.2
22598.3
22580.8
22607.2
22606.8
22628.4
22625.8
22626
22674
22739.8
22864.6
23016.1
23294.9
23046.3
23104.1
23369.9
23359.2
23712.4
23394.1
23732.9
23753.2
23969.6
23760.1
23577.2
23452.7
23122.5
23013.4
23335.9
23586.3
23530.5
24016.5
23970.9
23602.4
23200.7
23053.5
23184.4
23052.8
23117.4
22991.5
22919
22763.6
22706.4
22677.4
22702.8
22757.2
22863.4
22816.6
22713.4
22744.8
22877.4
22810.8
22927.7
22870.8
22893.7
22781.2
22814.1
22768.1
22691.4
22638.5
22607
22675.7
22651.1
22659.4
22635.9
22611.8
22613.9
22636.7
22626.1
22621.8
22621.4
22616.7
22611.9
22621.3
22623
22620
22621.8
22706.7
22688.9
22633.6
22626.9
22656.6
22631.8
22621.4
22635
22655.8
22635.6
22918.8
23244.6
22928.4
23036.5
22962.3
22792.6
22777.1
22855
23139.4
23129.4
23052
22903.5
23059.2
22906.6
22770.1
22860.5
23015.2
22848.7
22997.8
23020.5
22897.7
22963.8
22856
22982.9
22801.7
22712.2
22766.4
22695.3
22656
22634.5
22627.3
22626.9
22720.5
22674.2
22647.4
22633.8
22629.8
22626
22619.7
22682
22651.6
22638.1
22629.9
22615.5
22669.3
22625.1
22624.7
22615.9
22617.4
22620.1
22617.2
22680.5
22641.3
22630.1
22627.1
22790.7
22703.6
22732.1
22673.5
22648.9
22635.4
22630.5
22718.4
22670.7
22648.3
22673.3
22812.9
22990.9
23062
22952.1
22788.8
22705.1
22856.2
22740.8
22685.6
22785.4
22701.4
22662.6
22625.6
22622.6
22619.5
22628.7
22628.5
22626.7
22625.8
22626.7
22624.6
22626
22725.3
22731.6
22682.2
22651.9
22801.7
22758.6
22692.4
22658.6
22640.6
22639.9
22628.4
22626.7
22626.6
22617.3
22617.3
22620.6
22732.1
22678.4
22648.1
22636.5
22629.6
22626.8
22623.3
22625.5
22658.4
22641.1
22632.8
22628.2
22625.9
22622.7
22620.8
22620.8
22620.4
22686.4
22653.3
22637.8
22632
22626.3
22625.2
22747.2
22989.3
22805.7
22716
22712.1
22668.2
22645.9
22811.2
22717.4
22929.4
22776.2
22698
22661.2
22642.4
22632
22629.1
22626.4
22624.9
22624
22618.2
22619.6
22621.3
22621.9
22621.1
22621.5
22621.9
22617.7
22619.3
22619
22733.3
22675.7
22649.5
22636.7
22626.7
22625.9
22626
22626.3
22621.4
22651.5
22636.6
22628.6
22626.1
22624.9
22625.4
22658
22640.3
22632.3
22691.5
22658.8
22801.8
22711.2
22764.1
22784.8
22705.3
22663.8
22796.1
22712.1
22668.5
22614.9
22618.5
22620
22620.9
22622.5
22623.9
22624
22621.9
22622.1
22622.6
22627.6
22625.9
22625.8
22625.7
22625.3
22625.9
22625.2
22625.9
22625.2
22623
22732.1
22679.3
22637.2
22628.6
22626.4
22625.2
22623.9
22623.1
22622.2
22622.2
22622.4
22624.7
22623.9
22625.3
22623.2
22623.6
22660.5
22635.6
22630.3
22627.4
22626.2
22625.8
22622.6
22622.6
22622.3
22623.6
22623.9
22623.6
22623.4
22620.5
22621.6
22621.5
22622.4
22623.5
22623.8
22623.8
22623.6
22622
22622.2
22690.7
22657.2
22640.2
22704.1
22661.6
22821.6
22720.5
22670.8
22647.1
22635.3
22690.6
22655.6
22642.4
22631.1
22628.4
22626.2
22625.6
22623.8
22622.8
22621.5
22643.5
22633.1
22630.2
22640.1
22628.8
22645.5
22636.8
22631.3
22627.4
22626
22619.9
22621.9
22622.1
22621.8
22621.8
22621.9
22621.5
22621.9
22621.9
22622.1
22625.6
22621.9
22621.3
22621.5
22622.2
22622.5
22622.6
22625.9
22626
22626.5
22626
22625.8
22622.7
22682.4
22652
22636.6
22629.6
22626.6
22625.9
22745.1
22817
22921.9
22982
22799.5
22711.7
22860.5
22750.5
22617.8
22758.3
22690.6
22657.2
22640.6
22755.3
22688.9
22716.4
22670.6
22646.4
22632.6
22628.7
22627.2
22626.1
22625.8
22625
22621.8
22622.1
22669.1
22644.2
22634.2
22627.8
22626.5
22625.7
22625.8
22625.8
22625.7
22619
22620.9
22621.2
22621.9
22621.5
22622
22622
22622
22622
22622
22622.4
22618.7
22620.7
22621.9
22622.3
22622.9
22625.7
22625.7
22625.8
22625.8
22624.3
22624.1
22623.4
22623.9
22694.3
22659.5
22641.7
