29172.9
29222.5
29263.2
29294.9
29317.8
29332.1
29338.2
29336.7
29327.9
29312.2
29290.2
30850.5
30916.4
30874.4
30829.8
30784.8
30741.5
30702.6
30824.3
30800.3
30785.6
30779.3
30779.6
30783.4
30787.4
30788.2
30783.2
30770.4
30748.9
30718.6
30680
30634
30582
30525.7
30876.9
31589.2
32437.9
33294.5
34226.9
35166.8
36095.7
37095.2
37983.9
38837.3
39645.7
40588.2
41592.3
42223.5
42785.9
43264.6
43780.1
44056.8
44228.9
44299.5
44265
44126.3
43896.3
43558.5
43110.6
42541.4
41847.1
41324
40508.8
39608
38662.2
37764.5
37019.6
36095
35280.9
34591.6
33734.3
33212.5
32400.8
31758.4
31100
30639.7
30298.2
30214.7
30055.9
30180.2
30635.5
31117
31923
32767.6
33744.6
34529.6
35416.2
36184.2
36769.2
37323.5
37852.2
38327.9
38387
38713.7
38960
39129.5
39246.1
39131.7
39130.9
39072.1
38952.4
38769.8
38518.7
38196.1
37950.8
37463.3
36894.3
36257.3
35570.8
34873.1
34068.8
32805.9
32728.3
32713.4
32896
32912.6
32986.4
33063.3
32963
33141
33320
33519.7
33739
34135.3
34512.9
34670.3
34816.9
34895.1
34893.1
34811
34659.8
34460
34239.9
34027.7
33848.3
33714.1
33621.8
33556.4
33500.5
33442.8
33381
33090.2
33050.9
33044.1
33077.9
33151.6
33256.6
33378.9
33503.9
33619.2
33716
33788.9
33835.1
33852.9
33841.6
33802.3
33738.1
33655.1
33562.6
33472.2
33394.7
33337.4
33302
33285
33424.5
33425.6
33429.4
33435
33443
33455.6
33474.5
33500.5
33533.3
33571
33610.8
33645.5
33675.5
33692.8
33693.2
30010.5
21707.2
19128.4
16775.4
16045.8
15339.8
15152.6
15073.4
15072.9
15073.4
15074.6
15075.8
15076.3
15076.3
15075.9
15075.5
15075.3
15075.3
15075.3
15075.2
15075
15074.7
15074.4
15074.1
15074
15074.3
15075
15075.8
15076.2
15076.2
15075.8
15075.3
15075
15074.9
15075
15075.2
15075.3
15075.4
15075.3
15075.2
15075.1
15075.2
15075.4
15075.7
15075.9
15075.9
15075.7
13884.1
13302.7
13562.2
13694.3
13919.5
14059.4
14242.4
14054.6
14407.9
14460.2
14276.4
14497.6
14666.6
14792.8
14667.4
14801.6
15112.7
15490
15876
16262.2
16497.7
17025.8
17477.1
17888
18358.2
18592.6
18912.3
19428.7
19809.2
20255.6
20489.3
20632.3
20500.9
20563.9
20173.8
20013.3
19963.5
19945.8
19941.7
20171.5
20108.4
20036.9
19988.3
19980.4
19864.9
19821.1
18855.5
18633.2
18622.7
18666.4
18607.6
18867.5
18508.7
17783.7
17610.2
17471.7
17085.5
17109.6
17078.9
17117.9
16942.7
16350
15567.3
15553.2
15547.8
14822.1
14834.8
14423.8
14163.1
13901
13651.2
13895.5
14271.2
14511.5
14392.1
14413
14375.4
14523.1
14595.2
14708.8
14866.3
14996.3
15183.3
15104.3
15187.8
15554.3
15230.1
15302.8
14802.5
14814.5
15036.6
14328.2
14366.3
14283.7
14498.7
14456.3
14773.9
14987
14530
14389.8
13880.8
13639.6
14115.5
13913.6
13837.2
13681.4
13782.9
13547.5
13715.8
13594.2
13666.6
13877
14027.5
14207
14393.5
14745.4
15177.4
15469.8
15878.3
16013.3
16311.4
16263.4
16371.2
16222.1
16319.1
16087.5
15976.4
15967.1
15853.9
15765
15641.2
15320.2
15131.9
14766
14674.3
14700.1
14376.6
14232.2
14107.7
13741.5
13776.6
13770.4
13472
13359.7
13176.6
13082.7
13046.5
13054.7
13095.3
13167.5
13207.7
13356.4
13544.1
13774.9
13995.3
14216.3
14550.2
14771.6
14911.7
14939.3
15266.7
15281.5
15420.8
15531.9
15491.3
15531.7
15532.7
15659.1
15592.5
15498.1
15493.1
15851.6
16488.4
16778.4
17425
18008.1
18414.6
18679.2
18903.1
19620.8
20185.9
20362.4
20587.3
20428.4
20689.6
21225
21473.8
21721.3
21979.9
22268.6
22586.1
22972.5
23378.5
24142.3
24510.9
25277.1
25789.4
26391.9
27104.6
27948
28500.1
28888.6
29505.3
29775.4
30064.4
30525.3
30952.4
31297.1
31763.3
32204.2
32856.1
33286.9
34015
34844.1
35502
36156.9
36711.8
37349.6
37928.1
38600.1
38915.3
39498.1
40224.8
40770.4
41261.2
41812.7
42109.2
42131.2
42392.6
42721.5
43618.1
44281.3
44745.5
45297.3
46087.5
46345.2
46984.2
47420.3
47683.7
47952.6
47892.4
47826.1
48061.2
48228.6
48228.3
48380.2
48480.5
48479.2
48377.3
48617.4
48947.8
48978.8
49098.6
49227.1
48961.5
49382.2
49810.5
50028
50222.4
50365.4
50319.6
50041
49581.5
48862.5
48203.1
47437.1
46746.2
45965.3
45285.6
44640.8
44123.7
43849
43632.2
43614.2
