10384
10387
10458.9
10528.8
10405.2
10527.9
10401.5
10523
10396
10517
10390.1
10387
10384
10380.9
10561.4
10375
10371.9
10368.8
10365.7
10362.7
10359.7
10356.7
10353.6
10350.8
10347.8
10344.9
10342
10339.1
10336.4
10333.5
10330.7
10327.8
10324.9
10322.3
10319.6
10316.8
10314.2
10314.7
10315.9
10318.6
10322
10325.9
10329.9
10334.1
10338.2
10342.4
10346.6
10389.7
10397.6
10401.8
10405.9
10409.9
10413.9
10467.8
10472.3
10476.9
10481.6
10486.3
10491.1
10495.9
10615.1
10504
10508.7
10570.1
10574
10578.2
10582.5
10586.6
10590.7
10595
10599.2
10603.4
10607.2
10610.2
10613.1
10616.7
10620
10623.6
10628
10633.1
10638.2
10643.4
10648.8
10653.6
10658.4
10663
10667.6
10740.1
10741.7
10745.8
10750.3
10753.8
10856.3
10861
10864.5
10936.2
10939.5
10943.1
10947.1
10951.2
10955.2
10959.8
10964.4
10968.6
10972.9
10977
10981.3
10985.3
10989.4
10993.1
10996.1
10999.2
11002.5
11005.7
11009.1
10929.9
10934.8
10964
10967.9
10972.4
10977.1
10888.5
10894.4
10899.6
10905.1
10910.4
10777.3
10920.1
10783.2
10927.4
10688.3
10834.7
10677
10842.8
10683.9
10852.7
10691.4
10696.3
10701.2
10821.8
10826.8
10832.3
10749.8
10841.5
11017.9
10876.8
10647.7
10653.7
10658.3
10664.2
10670
10675.6
10681.5
10687.8
10693.7
10655.9
10627.8
10632.6
10637.3
10641.5
10645.9
10709.8
10716.4
10871.5
10770.6
10742.2
10773.7
10713.4
10718.4
10730.8
10641.6
10465.5
10798.4
10665.9
10489.5
10680.1
10504.8
10512.8
10520.5
10527.9
10295.9
10572.4
10409.5
10420
10427.9
10435.3
10442.9
10450.3
10457.8
10465.3
10472.9
10480.3
10335
10334.7
10339.4
10326.6
10398.5
10231.6
10221.3
10200
10190
10180.2
10173
10165.6
10034.3
9960.88
9954.44
9944.35
9935.43
9918.6
9973.85
9887.7
9692.97
9865.16
9771.78
9949.57
9559.31
9948.38
9433.97
9790.26
9425.82
9654.92
9412.53
9474.33
9169.61
9468.01
9011.81
9519.26
9604.35
9137.2
9588.94
9239.16
8732.84
9430.69
9279.38
9278.5
9477.19
9089.34
9442.28
9139.61
9535.59
9618.07
9125.46
10072.7
9587.06
9969.19
9635.46
10005.3
9124.16
9541.17
9424.3
9581.22
9457.02
9648.31
9588.65
9710.59
9800.37
10090.3
9736.11
8984.91
9174.37
9258.8
9316.06
8953.69
9471.49
9126.32
9356.83
8917.55
8949.33
9561.37
9248.82
8788.73
8956.2
8525.85
8848.28
8354.31
9064.97
8801.21
8633.2
8993.18
8896.43
8355.26
8733.12
8622.07
8755.08
9294.92
9196.45
8942.83
9688.91
8745.63
8810.17
8575.94
8892.67
8476.9
8779.64
8851.76
8784.8
8628.09
8211.23
9195.06
8162.76
9307.57
8859.48
9095.52
9394.29
9457.37
9193.8
8974.47
9069.11
9012.17
8910.83
9011.93
8872.75
8845.82
9093.73
9611.68
8938.49
9116.49
8713.22
9603.02
9025.51
8890.04
8647.09
9227.55
8741.06
9295.94
8674.07
8618.79
9237.79
8659.97
8673.67
9217.16
8758.2
8516.49
9272.8
8519.17
9113.42
8736.33
8966.89
9078.4
9068.79
9048.02
9615.78
9227.68
9576.14
9518.49
9714.07
9236.62
9112.59
9064.58
8768.06
9403.08
9163.63
9051.06
9269.54
9171.08
9088.19
9245.89
8911.81
8999.45
8833.59
8589.76
8771.78
8990.21
8864.99
9414.22
9040.41
9096.36
8861.52
9628.01
8819.72
8877.53
8619.13
8973.95
8634.92
8603.8
8723.5
8706.53
8497.85
8844.84
8842.1
8612.7
8474
8326.11
8752.87
8616.8
8501.9
8650.67
8173.45
8344.88
8032.41
8355.29
8067.69
8243.94
8023.47
8231.51
8276.22
8410.91
8240.84
8413.82
8085.67
8334.7
7927.47
8351.62
7828.77
8236.84
7872.62
8243.12
8313.82
8338.46
8152.95
8204.52
8185.84
8111.24
7754.5
7802.13
7946.23
7856.28
8226.83
7981.67
8329.87
8094.3
8006.47
8298.87
8292.54
8032.58
8277.28
8271.11
8261.3
8454.21
7997.74
8195.16
8022.18
8236.85
8019.37
8236.04
8018.4
8642.55
8400.54
8730.78
8607.4
8726.57
8775.95
8923
8804.29
8928.22
8813.6
8935.22
8821.63
8940.95
8829.78
8950.39
8464.99
8847.24
8851.02
8853.2
8855.88
8859.09
8863.44
8868.1
8872.68
8687.62
8694.53
8885.72
8889.91
8894.02
8897.97
9011.64
8906.89
9020.22
8915.06
9028.36
8923.61
9072.72
8969.09
8973.66
9027.5
9141.82
9147.25
8967.25
9158.48
9163.98
9022.18
8961.29
9101.47
9107.26
9111.7
9116.05
9120.22
9269.86
9034.88
9021.94
8857.59
9031.49
9067.54
9058.34
9078.01
9252.16
9087.7
9259.69
